12	0.8864778944255508	0.7717225609756098	0.683775113962519	0.7250917554381882
13	0.9114668046724826	0.6212045793927327	0.43303261623872313	0.5103250868942956
17	0.9024101730001478	0.9129173793411169	0.893124772644598	0.9029126213592233
21	0.8988244861747745	0.7660516605166051	0.7386586016723004	0.7521057875192464
25	0.907326630193701	0.6139240506329114	0.5286950945815967	0.5681309216192937
26	0.9279166050569274	0.7127361791462561	0.6433986102337335	0.6762948207171314
37	0.931317462664498	0.7188244638602065	0.6114864864864865	0.660825118656444
38	0.9157178766819459	0.5821256038647343	0.5379464285714286	0.5591647331786542
48	0.9068460742274139	0.7541528239202658	0.6816816816816816	0.7160883280757098
55	0.8860343043028241	0.5806037251123957	0.5043235704323571	0.5397820570234364
59	0.9210409581546651	0.7185758513931888	0.6541713641488163	0.6848627913838891
66	0.8952757651929617	0.5734055354993983	0.5739235170129479	0.5736644093303236
69	0.8997116664202277	0.5646167557932263	0.4219114219114219	0.4829426338860301
70	0.8486988023066686	0.7527803832239046	0.7142130689041444	0.7329897579750799
75	0.8417122578737247	0.7901377474244704	0.7343733189887036	0.7612356417977028
76	0.8590492385036227	0.7959483573003044	0.8022640710960643	0.7990937351809896
77	0.8758686973236729	0.6220314735336194	0.5162669199715032	0.5642356605242668
84	0.8173887328108828	0.8490498812351543	0.8563727839003354	0.8526956106870228
85	0.8864778944255508	0.5773768216516308	0.473130508956497	0.5200812626972965
86	0.8285893834097294	0.8512480896586857	0.8531495309209267	0.8521977496573487
87	0.8978633742422002	0.6033768716151641	0.5550996483001173	0.578232330941841
95	0.9464734585243235	0.9513525801318482	0.9658435264251096	0.9585432890517636
105	0.9014490610675736	0.7116138763197587	0.5797493241582699	0.6389490790899243
106	0.8492532899600769	0.6900326797385621	0.6594316052467208	0.6743851804535292
107	0.8793804524619252	0.5906565656565657	0.5875408188897262	0.5890945724719809
108	0.888843708413426	0.7656338828880046	0.7986656782802075	0.7818010304041798
119	0.8885479816649416	0.6327462491846053	0.6869688385269122	0.6587436332767402
126	0.9037409433683277	0.691006233303651	0.5983037779491134	0.6413223140495867
127	0.893279609640692	0.674945215485756	0.48062418725617684	0.5614461491721099
128	0.8157992015377791	0.7567479674796748	0.7182098765432099	0.7369754552652414
131	0.9123170190743752	0.739061002874481	0.5980873610752132	0.6611428571428571
138	0.8634112080437676	0.7617296918767507	0.6508601346297681	0.701944018714205
147	0.9405589235546356	0.7905154639175258	0.6353994033808419	0.7045203969128997
148	0.8306964364926808	0.8518005540166205	0.8587204874333587	0.8552465233881162
158	0.8950170042880379	0.883054892601432	0.9252570158377327	0.9036635006784262
161	0.9403371284932722	0.9435718440954043	0.9618121442125237	0.9526046866741058
165	0.917677066390655	0.766321913380737	0.6118709677419355	0.6804419572392022
171	0.9480999556409877	0.7999150382327952	0.6686789772727273	0.7284332688588007
173	0.895090935975159	0.5604681404421327	0.41482194417709334	0.47676991150442477
174	0.9055522697027946	0.5959595959595959	0.4535427807486631	0.5150882520402353
179	0.9184903149489871	0.718652309829802	0.5972863741339491	0.6523726943086867
197	0.8826334466952536	0.7074013456992181	0.7129765395894428	0.7101780009128252
202	0.8597885553748337	0.7304376118431756	0.6776335647449442	0.7030454865732405
203	0.9025950022179506	0.7282169648009232	0.5985297604932417	0.6570350123649616
205	0.8836315244713885	0.780653305980748	0.7378076062639821	0.758625977610796
206	0.8986396569569718	0.8223147110613094	0.7589008716206235	0.7893362015980332
208	0.8802676327073784	0.7900566718186501	0.5585503551265707	0.6544329456950816
213	0.9500591453496969	0.9563927943760984	0.9690056201658227	0.9626578954642195
222	0.9078441520035487	0.9068246238825496	0.9115283459964932	0.9091704011367362
223	0.8982330326778057	0.7020344287949922	0.554648862512364	0.6196988534327946
224	0.939449948247819	0.8612551867219918	0.7506781193490054	0.8021739130434783
234	0.8959781162206122	0.7135531135531136	0.4894472361809045	0.5806259314456036
238	0.788777169895017	0.84996879078477	0.829907474098288	0.8398183449203858
253	0.9578589383409729	0.9710243350311262	0.9646913302597548	0.9678474729241876
271	0.9107274878012717	0.9121608304316405	0.9279508087154124	0.9199880727561873
296	0.9300975898269999	0.7969676994067239	0.43302292263610315	0.5611510791366907
300	0.7809404110601804	0.8243695997178628	0.8267995048045746	0.8255827643042147
301	0.8638178323229336	0.6563728242560359	0.48728636932055025	0.5593301435406698
304	0.868549460298684	0.8224414303329223	0.689405684754522	0.7500702839471465
311	0.9143501404702056	0.927094213494882	0.9129182665935272	0.9199516324062876
312	0.8907659322785746	0.7787004359559893	0.6650709219858156	0.7174141723247585
326	0.8712479668786042	0.8652253264074126	0.7095325811650932	0.7796824593585931
334	0.9070678692887771	0.782230364094344	0.6860815424784094	0.7310079178258079
335	0.8980482034600029	0.7091286307053942	0.45379713223579393	0.5534326424870466
349	0.897382818275913	0.8296744890234671	0.7003194888178914	0.7595287595287596
351	0.8527280792547686	0.6359748427672955	0.49911154985192496	0.55929203539823
353	0.8873281088274434	0.4840649428743235	0.2687813021702838	0.3456419063975955
358	0.9177509980777762	0.7321937321937322	0.42269736842105265	0.5359749739311783
366	0.942074523140618	0.8262021961378265	0.6632218844984803	0.7357949755521834
372	0.9158287742126275	0.6460287679799875	0.37645772594752186	0.47570803591987104
375	0.9097663758686974	0.6070964950237993	0.4778610354223433	0.534781780064799
388	0.8654812952831583	0.5555555555555556	0.38549327922901344	0.4551579577781105
390	0.9112080437675588	0.6771898621609604	0.4760862769615505	0.5591042584434656
391	0.8331731480112377	0.8198994974874372	0.870217607737164	0.8443095180598199
392	0.9055153038592341	0.8881456129433728	0.7565597667638484	0.8170888793473593
396	0.9299866922963183	0.8540319836679142	0.6314465408805031	0.7260630604570437
407	0.9098033417122579	0.6175637393767706	0.38178633975481613	0.47186147186147187
409	0.8863300310513086	0.7862993298585257	0.4578365488835899	0.5787094122482532
413	0.9200798462220908	0.7296296296296296	0.40674466620784583	0.5223155103844455
414	0.8769037409433683	0.8548456568557071	0.7196905596518796	0.781467384171151
418	0.8949061067573562	0.7841631936828252	0.6578947368421053	0.7155008505954168
425	0.9183054857311844	0.7074030552291422	0.41289437585733885	0.5214378518839324
434	0.9258095519739761	0.8876342095520178	0.7740112994350282	0.8269380012072088
448	0.8901744787816058	0.630958230958231	0.3664383561643836	0.4636215923451887
454	0.8623761644240722	0.7860706860706861	0.5839382239382239	0.6700930438635357
455	0.9349401153334319	0.8858165256994145	0.6590029041626331	0.7557590896475159
456	0.8803045985509389	0.6072423398328691	0.4040243579560498	0.485214626391097
463	0.9022992754694662	0.6227007626738448	0.4351097178683386	0.5122716368333642
470	0.9003400857607571	0.9276315789473685	0.049893842887473464	0.09469442578912023
474	0.8131746266449801	0.5067079463364293	0.5740452065471551	0.5382788233144528
485	0.9003031199171965	0.7934426229508197	0.3850437549721559	0.5184788430637386
491	0.8658139878752034	0.7414938594725187	0.6108807430751368	0.6698799563477629
492	0.8737986100842822	0.7523390203632361	0.6652068126520682	0.706095041322314
494	0.9692074523140618	0.9197174052665382	0.83086742094575	0.873037646700198
496	0.9461407659322786	0.8613159387407827	0.7583021223470662	0.8065329969459566
497	0.8983439302084874	0.8053363397219091	0.7143333333333334	0.7571100512276983
498	0.9001922223865149	0.8833752093802345	0.9248136782113108	0.9036196187620475
499	0.8818941298240426	0.7448377581120944	0.5200823892893924	0.6124924196482717
504	0.8716915570013307	0.5963870329126454	0.5670588235294117	0.5813532746351465
510	0.874463995268372	0.5734625870948198	0.4877608863694924	0.5271512113617376
511	0.8533564985952979	0.747758887171561	0.6744737208978112	0.7092281756211977
512	0.924996303415644	0.8156028368794326	0.6489205103042198	0.7227763355649679
513	0.9087313322490019	0.5561868686868687	0.33282961843596526	0.4164500118175372
517	0.9288777169895017	0.7348729792147806	0.5409724583475009	0.6231884057971014
523	0.9240351914830697	0.7027300303336703	0.4865243262163108	0.5749741468459152
530	0.8952387993494012	0.6551872578562205	0.4281293952180028	0.5178632187818986
534	0.8786041697471536	0.7475113122171946	0.7547974413646056	0.7511367080933616
542	0.849733845926364	0.9032993766154782	0.8920420420420421	0.8976354158797311
543	0.8611193257430134	0.8468918648810714	0.7920366389382185	0.8185462448683893
547	0.9002291882300754	0.7453451733027786	0.5897552130553038	0.6584841199544477
549	0.8503622652668934	0.765571738456771	0.6609149277688604	0.7094041636755205
558	0.9260313470353393	0.8345642540620384	0.5927091528979805	0.6931452231252874
574	0.9442555079106906	0.9600898780226835	0.9592687620269403	0.9596791443850267
581	0.8993789738281828	0.7763546798029557	0.5366628830874007	0.6346308724832215
585	0.907659322785746	0.7011870650839133	0.4920999712726228	0.5783254557731262
588	0.8520996599142392	0.6625449640287769	0.5410317606021663	0.595654370894391
596	0.8870323820789591	0.5256985167299069	0.4755070202808112	0.49934469200524245
597	0.9249593375720834	0.8413258110014105	0.3979319546364243	0.5403079710144927
599	0.9142392429395239	0.8458632414053646	0.539388099253192	0.6587231538687849
601	0.8824116516338902	0.7037980546549328	0.6150576806314512	0.6564423803866509
610	0.9248484400414018	0.7969432314410481	0.5378720895962276	0.6422664085870139
613	0.8837424220020701	0.8307142857142857	0.6792232442692364	0.7473692666077597
618	0.8693257430134556	0.6214436248682824	0.529279784608481	0.5716709075487703
620	0.9097294100251367	0.7789497821600551	0.6968205128205128	0.7355998267648334
621	0.8653703977524767	0.7948885976408913	0.7449029722426922	0.769084453461831
625	0.8248927990536744	0.836670283065391	0.7335696990660671	0.7817352439754873
631	0.9311326334466953	0.8033333333333333	0.48934010152284263	0.6082018927444796
643	0.8378678101434275	0.6937691521961185	0.540506127646029	0.6076221148684917
644	0.8612671891172556	0.8430008461032246	0.8114932126696832	0.8269470189514456
646	0.8837793878456306	0.8268592057761733	0.7464476600182506	0.784598520142505
648	0.8878456306372912	0.8194308145240432	0.592408655551614	0.6876672843318922
672	0.9271772881857164	0.8741781908864203	0.7315499905141339	0.7965296426358192
675	0.9299866922963183	0.821826280623608	0.5525606469002695	0.6608166189111747
699	0.8968652964660654	0.6130612244897959	0.24486468862080207	0.3499534016775396
701	0.9071048351323378	0.703948870120977	0.7172093023255814	0.7105172215182582
703	0.8684015969244419	0.5861456483126111	0.4079110012360939	0.48104956268221577
706	0.8597146236877126	0.799353912419239	0.6245968307390268	0.7012516728331891
708	0.9347552861156292	0.8176064441887226	0.4952945277100035	0.6168873453440417
711	0.9091009906846074	0.6420492348636061	0.3343728343728344	0.43973570289359765
712	0.9434052935087979	0.8388677191072401	0.5551152737752162	0.6681118577931932
713	0.9129454384149046	0.6694604504976427	0.42571618920719523	0.5204642638973732
722	0.9054783380156736	0.7850346020761245	0.46838709677419355	0.5867140779052853
727	0.8844817388732811	0.9020444444444444	0.6634414225941423	0.7645596323363218
732	0.9142022770959634	0.8774410774410775	0.5711154941924173	0.6918890216381256
736	0.8782345113115482	0.8078869307276217	0.6785871317602228	0.7376135096383623
739	0.8965326038740205	0.8265838011226945	0.6807000165098234	0.7465821638750567
743	0.8886219133520626	0.8722541841004184	0.7661651544734122	0.8157749923570773
744	0.8754620730445068	0.7659112076994722	0.4854388036206218	0.5942430446826449
745	0.8983069643649269	0.8271028037383178	0.731740927882407	0.7765049963441384
752	0.870360786633151	0.898533564076874	0.8047805514765867	0.8490769032147005
760	0.9053304746414313	0.7966328166755745	0.623509725998745	0.699518948726974
763	0.8624131302676327	0.7448655515562143	0.5829328914664458	0.6540249116936234
764	0.8763862191335207	0.7440288418206399	0.5992740471869329	0.6638520305589062
765	0.9265119030016264	0.8543803105772048	0.6616746085772635	0.7457800511508952
769	0.8707304450687565	0.7045987376014428	0.6775927852930975	0.6908319335160463
770	0.9002291882300754	0.7604627424293977	0.5283687943262412	0.6235179243967081
773	0.9154960816205826	0.7636257650830661	0.6398046398046398	0.6962529896359287
779	0.8664054413721721	0.6421243210621606	0.46707638279192276	0.5407878017789072
782	0.8681058701759574	0.5844827586206897	0.5578279266572638	0.5708443589126774
786	0.8797501108975306	0.761876127480457	0.6479713603818615	0.7003224320589589
787	0.9001182906993938	0.5225490196078432	0.19395924308588064	0.28290870488322717
798	0.8915791808369067	0.5625774473358116	0.42088998763906055	0.4815273112957397
799	0.8566834245157474	0.8338098197638285	0.7253460207612457	0.7758052391140925
816	0.9458820050273548	0.7835377918480412	0.6834656541249569	0.7300884955752212
824	0.9137217211296762	0.6921515561569689	0.3525155065472088	0.4671232876712329
830	0.886625757799793	0.874984857662023	0.7801901058543962	0.8248729515217267
831	0.8177214254029277	0.8210761640456368	0.803182263781012	0.812030648419929
838	0.8785672039035931	0.7271189308069701	0.7199329983249582	0.7235081222119351
846	0.9080659470649121	0.8038585209003215	0.3083564600678384	0.44573211499888565
850	0.892946917048647	0.7186212064443612	0.47206497661826236	0.5698158051099227
863	0.895497560254325	0.6887579774177712	0.39015572858731923	0.49813598437777384
880	0.8939449948247818	0.8384265279583876	0.5209048677034942	0.6425812881524854
883	0.8948691409137957	0.6963383838383839	0.31823427582227354	0.43683168316831683
885	0.9063655182611268	0.8251572327044026	0.48188050930460335	0.6084402535167723
892	0.8607866331509685	0.8736979166666666	0.6761083743842364	0.7623074981065386
898	0.9103578293656661	0.7892872952633909	0.4777599142550911	0.5952261725922218
907	0.9123909507614963	0.7235885001731902	0.5706091231903851	0.6380574221136225
912	0.8649268076297502	0.7967354910714286	0.7221800708143652	0.7576280180419209
920	0.9059219281384001	0.8372426998563907	0.6522468767480888	0.7332564720679174
929	0.8210853171669378	0.8598719019771651	0.8691662444406913	0.864494092614368
930	0.8945364483217507	0.5863547758284601	0.4563106796116505	0.5132229994881421
931	0.8650007393168712	0.6880022962112514	0.4830713422007255	0.5676059673218091
932	0.8739095076149638	0.7659898477157361	0.3384166853554609	0.4694353709752684
943	0.8482182463403815	0.787883631713555	0.6394654903995849	0.7059581781724433
946	0.9663241165163389	0.9499153976311336	0.7862745098039216	0.8603831417624521
948	0.9053674404849918	0.7541613316261203	0.47107438016528924	0.5799146701673777
953	0.8554265858346888	0.851312395691094	0.851894025658544	0.8516031113640675
955	0.9338311400266154	0.9007341206511331	0.6561264822134387	0.7592144202313694
957	0.8598624870619548	0.7110259536666086	0.6569037656903766	0.6828941865328314
958	0.8657030903445216	0.8526275704493527	0.40820419325433	0.5520897546541734
960	0.883668490314949	0.5689773507206589	0.24761051373954598	0.3450572320499479
962	0.906254620730445	0.5984593163216178	0.42207130730050935	0.4950219036240542
965	0.8925772586130416	0.6276905177428738	0.3225710014947683	0.42614533965244866
969	0.8723569421854207	0.6586589229144667	0.5359828141783028	0.5910221485254056
980	0.890322342155848	0.7933716604666892	0.49893662271373884	0.6126126126126127
983	0.8931317462664498	0.8018396846254928	0.5880878951426368	0.6785277438007339
984	0.9267336980629898	0.706198347107438	0.573489932885906	0.6329629629629628
987	0.9144610380008872	0.730791788856305	0.4018058690744921	0.5185185185185186
992	0.9010424367884076	0.8576078112286412	0.296400449943757	0.44054336468129573
993	0.9001182906993938	0.7482440737489026	0.6867445608380338	0.7161764705882352
1001	0.9189708709152743	0.7546766435061465	0.448966613672496	0.5629984051036683
1004	0.882522549164572	0.7684591350106891	0.7252832531429458	0.7462472053656979
1007	0.9239982256395091	0.8946596858638743	0.7333905579399141	0.8060377358490566
1014	0.8491793582729558	0.6905866302864938	0.462114296147526	0.5537081601400132
1015	0.8767558775691261	0.8535240845255283	0.7456713679623896	0.7959608323133415
1017	0.9283232293360935	0.7928896238114923	0.5715137067938022	0.6642424242424243
1036	0.8758317314801124	0.8221675255749558	0.9107873210633947	0.8642115050329466
1038	0.9307260091675292	0.936870297155975	0.943246019517206	0.9400473478789431
1039	0.8631524471388438	0.734391761424587	0.8481169474727452	0.7871679889617109
1042	0.8764231849770812	0.9324147553850178	0.9226388229710489	0.9275010301229641
1043	0.8159470649120213	0.8960175603637504	0.8113925488414357	0.851607903913212
1044	0.8851101582138104	0.8963065376259135	0.637270046341806	0.7449113591595534
1047	0.9378234511311548	0.8417660328714147	0.6868261898501183	0.7564436721691283
1048	0.9644758243383114	0.9243542435424354	0.7154587647268833	0.8066009257395854
1052	0.9856572526985066	0.9439626417611742	0.9278688524590164	0.9358465608465609
1057	0.9176031347035339	0.7332663989290495	0.6047474468672371	0.6628346694902436
1061	0.9357903297353246	0.7709216101694916	0.7694951097012953	0.7702076994311418
1167	0.7916974715363004	0.5885273748856658	0.6443490701001431	0.6151744861025746
1170	0.8910246931834984	0.5422012153950033	0.26130816791409045	0.35265700483091783
1173	0.8928729853615259	0.5833724753405355	0.3818014140793114	0.4615384615384615
1202	0.9153112524027799	0.932347648460678	0.9551569506726457	0.9436144815534936
1205	0.8967174330918232	0.0	0.0	0.0
1206	0.9281014342747301	0.9337433279183105	0.9524767710244422	0.943017021650602
1208	0.8981960668342451	0.587260486794407	0.3668715626011	0.45161290322580644
1209	0.8675883483661098	0.8189120488052872	0.817250126839168	0.8180802437785679
1213	0.9148306964364927	0.8262032085561497	0.8141661500309981	0.8201405152224825
1216	0.9177879639213367	0.708966565349544	0.5613718411552346	0.6265950302216252
1265	0.89919414461038	0.5442334414080593	0.40267306374228923	0.4628717746700808
1272	0.915052491497856	0.6590141796083727	0.6024691358024692	0.6294743631086746
1309	0.9270663906550347	0.9265973064402885	0.9463494132985658	0.9363692069532686
1310	0.8628936862339198	0.9209935383346318	0.9101077800923829	0.9155183017105891
1311	0.8603060771846813	0.0	0.0	0.0
1315	0.9856202868549461	0.9569583931133429	0.9084099421178072	0.9320524017467249
1317	0.9219281384001183	0.840018656716418	0.5044817927170868	0.6303815190759539
1318	0.9406698210853172	0.7688494651708844	0.803873431533006	0.7859714628617149
1357	0.8326186603578294	0.9112018090563124	0.8498893976027574	0.8794783071599681
1364	0.8344669525358569	0.73188027170262	0.9171265550463006	0.8140983062105613
1365	0.8043028241904481	0.8276247586136802	0.693552508304233	0.7546802594995365
1366	0.9565281679727932	0.8586572438162544	0.8073089700996677	0.8321917808219177
1375	0.9398935383705456	0.9534354720010705	0.9387392134905473	0.9460302708443972
1376	0.8753142096702646	0.9324641215645811	0.9113912445564978	0.9218072652247491
1377	0.9324264379713145	0.8115048793014895	0.5195659322591253	0.6335204490777867
1399	0.889915717876682	0.5711645101663586	0.538953488372093	0.5545916841160634
1404	0.8454088422297796	0.8575545948342755	0.727546318066397	0.7872188867406126
1414	0.9044432943959781	0.8963738548002156	0.9038192827200745	0.9000811719686135
1415	0.8975676474937158	0.8505434782608695	0.5849373948794618	0.6931679769682206
1429	0.8333579772290404	0.8568243745355462	0.7890654703064406	0.8215501543820758
1439	0.988984178618956	0.9716412619638426	0.9263264616424468	0.9484429065743945
1440	0.9275469466213219	0.958106349129827	0.9479608871929406	0.953006617435504
1442	0.867477450835428	0.6825972313777192	0.7140148250301672	0.6979526497598787
1444	0.8196806151116368	0.8408728631891387	0.8852496961981366	0.8624908383604893
1454	0.8898787520331214	0.8872194513715711	0.9240309070839556	0.9052511052447441
1461	0.8866996894869141	0.8019985724482512	0.7700109649122807	0.785679323124257
1463	0.8718394203755729	0.7409702549575071	0.6761997091614154	0.7071048407535693
1464	0.8746857903297354	0.8354196146729074	0.8034125405631739	0.8191035218783352
1465	0.9390802898122135	0.9525884526121347	0.9688327954140373	0.9606419564386701
1466	0.8735768150229188	0.7011723070117231	0.6050773048291659	0.6495901639344263
1467	0.8335428064468431	0.8879194200295117	0.8339358881658231	0.8600814094397664
1473	0.9153482182463404	0.842174197773412	0.9014018691588785	0.8707820787721477
1475	0.8720612154369363	0.7407681857478078	0.814945652173913	0.7760885035906062
1476	0.8811548129528316	0.8707343412526998	0.7998214462850908	0.8337728142288402
1477	0.8960150820641727	0.7219042663891779	0.6140739101571144	0.6636374506755949
1488	0.9003770516043176	0.8207413024931273	0.9150285351934052	0.8653240717605317
1500	0.895497560254325	0.8378313253012049	0.6174746936600959	0.7109702484408547
1514	0.8838533195327517	0.9136234683406772	0.8984388911972458	0.9059675585084096
1522	0.8914313174626645	0.7964054636951833	0.7845609065155807	0.7904388155547627
1548	0.941593967174331	0.9561099796334013	0.9631719327041445	0.9596279640228945
1559	0.8149489871358865	0.836831523924407	0.7775536127923485	0.8061042683399179
1562	0.8915422149933462	0.5829277424185698	0.46106011252591056	0.5148809523809524
1577	0.8805633594558628	0.8226736206423277	0.7555779654607336	0.787699586043761
1579	0.90255803637439	0.6860996799268404	0.7037992495309568	0.6948367677703172
12	0.8848883631524471	0.7543478260869565	0.7031408308004052	0.7278447823807027
13	0.9027058997486322	0.5425531914893617	0.48349719101123595	0.5113256591162273
17	0.9041106018039332	0.9065250600130937	0.9049451746423643	0.9057344283741551
21	0.9020774804081029	0.7904168289832489	0.7206535251287516	0.7539247561542035
25	0.9156439449948248	0.6696508504923904	0.4921052631578947	0.5673113386423966
26	0.9344965252107053	0.7709832134292566	0.6166879795396419	0.6852575488454706
37	0.9176031347035339	0.6236087689713322	0.6242403781228899	0.6239244137000168
38	0.9222608309921633	0.67740232312566	0.46234234234234234	0.5495823516813022
48	0.8974937158065948	0.6922763399225597	0.7289699570815451	0.7101494721438277
55	0.8804154960816206	0.5674172921879344	0.5486559139784947	0.5578789121224546
59	0.9240721573266302	0.7463399108847868	0.6510272071071627	0.6954329774614472
66	0.9011903001626497	0.6454891994917408	0.45357142857142857	0.5327739905610906
69	0.8941667898861452	0.5176184690157959	0.43322033898305085	0.4716737405425355
70	0.8380526393612302	0.7137399876771411	0.7378343949044586	0.7255872220482306
75	0.8367218689930505	0.770017406440383	0.7545037842447501	0.762181661551715
76	0.8608605648380896	0.7946138870863076	0.7975466782457664	0.7960775815364611
77	0.8812287446399527	0.6529754204398448	0.48545323395046885	0.556888705006206
84	0.8144314653260387	0.8591566560431478	0.8373954599761051	0.848136495643756
85	0.8835945586278279	0.5605136436597111	0.4951786727169597	0.5258244240325253
86	0.8351693035635073	0.8580334190231362	0.8557784757387347	0.8569044639132247
87	0.8983069643649269	0.5948067632850241	0.5830127256584788	0.5888506949633837
95	0.943479225195919	0.9428683561336623	0.9705661684076874	0.9565167932201463
105	0.8999704273251515	0.701620299602568	0.5701863354037268	0.6291118421052632
106	0.8539109862487062	0.7023515869100477	0.6659909558708873	0.6836881703217544
107	0.8861082359899453	0.6405616224648986	0.5155700652938222	0.5713093084736328
108	0.8904702055300902	0.7811393152302243	0.7814853093164034	0.7813122739685585
119	0.8969022623096259	0.6768994627782041	0.6342281879194631	0.6548694468506373
126	0.907326630193701	0.7463045720178756	0.5510152284263959	0.6339611622134618
127	0.8926142244566021	0.6564673157162726	0.4961892247043364	0.5651848525669809
128	0.807925476859382	0.734537435682033	0.7238952706198903	0.7291775252788492
131	0.9094706491202129	0.6986067671310776	0.6388455538221529	0.6673910090995518
138	0.8665163389028537	0.7420009364757296	0.7082836710369488	0.7247503620702798
147	0.9385627680023658	0.7351614022908712	0.7020218760357971	0.7182095625635809
148	0.8363522105574449	0.8829673272629888	0.8311590092645113	0.8562802324448918
158	0.8937971314505397	0.9053676265026559	0.895045947626615	0.9001772002362669
161	0.9441815762235695	0.946779204032589	0.9640704267382871	0.9553465814998817
165	0.9143871063137661	0.7221590909090909	0.6551546391752577	0.6870270270270271
171	0.9473236729262162	0.7738231917336394	0.707983193277311	0.73944048272079
173	0.8883631524471388	0.5269423558897243	0.5269423558897243	0.5269423558897243
174	0.9123909507614963	0.6193663543061133	0.47779690189328744	0.5394481150408084
179	0.9129454384149046	0.7092123769338959	0.5689703808180536	0.631397714822351
197	0.889583025284637	0.7474	0.6843069034975279	0.7144632444316986
202	0.8712479668786042	0.771850564726325	0.6718088324258923	0.7183633864316327
203	0.8990462812361378	0.6747762221712187	0.691114245416079	0.6828475206131692
205	0.8844447730297206	0.7630837657524092	0.7710861423220974	0.7670640834575262
206	0.9022623096259057	0.8674094707520892	0.7076200575670353	0.7794093108626731
208	0.8796761792104096	0.7737490935460478	0.5798913043478261	0.6629388008698354
213	0.9541623539849179	0.9663698213396759	0.9650886593382312	0.9657288154330883
222	0.9098403075558185	0.8939077094660532	0.9332654100866021	0.913162673122797
223	0.9278426733698063	0.7852593266606005	0.6754500391338377	0.726227208976157
224	0.9386366996894869	0.8567701539264284	0.7472127417519909	0.7982498784637823
234	0.898454827739169	0.6843207660083782	0.5747675295300326	0.6247780357874607
238	0.8061880822120361	0.864387657246009	0.8436846162316926	0.8539106690072168
253	0.958265562620139	0.9650416572843954	0.9712197609200612	0.9681208527460116
271	0.9055892355463552	0.8910078302601667	0.9445708930245013	0.9170078637811139
296	0.9283971610232146	0.7945402298850575	0.4011606819006166	0.5331405157869366
300	0.7852284489132042	0.8544149686018198	0.790303461356093	0.8211096742410247
301	0.8643353541327813	0.6437562940584088	0.5313798836242727	0.5821948998178506
304	0.8582729557888511	0.7364016736401674	0.7795726941115164	0.7573724844956335
311	0.9123909507614963	0.9062913907284769	0.9347677595628415	0.9203093476798924
312	0.8947212775395534	0.824102791315906	0.6442674056113613	0.7231726283048212
326	0.8660357829365666	0.8449784692318377	0.708066581306018	0.7704876504116529
334	0.9087313322490019	0.8102539530426449	0.6685115635501088	0.732589624174158
335	0.8975306816501553	0.6748320821809561	0.4670494941208641	0.5520361990950227
349	0.8898048203460003	0.8216345197852456	0.6647361647361647	0.7349044019564251
351	0.8501774360490907	0.6802853437094682	0.40619554695062926	0.5086677172990666
353	0.8894351619103948	0.5206153846153846	0.27665140614780903	0.36130685458039724
358	0.9222238651486027	0.7204595185995624	0.45257731958762887	0.5559307724778388
366	0.9373428951648677	0.8347613219094248	0.6133093525179856	0.707102125453603
372	0.9138695845039184	0.6607449856733524	0.3988239363542027	0.49741156169111306
375	0.9062915865740057	0.6226012793176973	0.389983305509182	0.47957298296037776
388	0.8748336537039775	0.6497912317327766	0.3143939393939394	0.42375765827093265
390	0.9124648824486175	0.7643576080521018	0.3958908310334253	0.5216161616161615
391	0.8389028537631229	0.8371801129628338	0.8557987026872906	0.8463870285512864
392	0.9050347478929469	0.8620345270366672	0.7904238618524333	0.8246775404354058
396	0.9335723791216916	0.8916046758767269	0.6279940119760479	0.7369345630215195
407	0.9037409433683277	0.5857487922705314	0.33587257617728533	0.42693661971830993
409	0.8837793878456306	0.7868188512518409	0.4544874521480221	0.5761660825020221
413	0.919895017004288	0.7220943613348677	0.4270159918339571	0.536668804789395
414	0.8732810882744344	0.8378959438153935	0.7179172295222891	0.7732804232804233
418	0.8946473458524323	0.7835738068812431	0.6530989824236818	0.7124117053481333
425	0.9180836906698211	0.6817226890756303	0.44635488308115545	0.5394846217788861
434	0.9193774951944403	0.8965782391387928	0.7394957983193278	0.8104961334607699
448	0.8925772586130416	0.6407300672430355	0.3820160366552119	0.4786508790814495
454	0.8658139878752034	0.7873227689741451	0.5912934544315691	0.6753711321767126
455	0.9292473754251072	0.8970227670753065	0.6125328868691701	0.7279704377487209
456	0.8806372911429838	0.6116248348745046	0.37178800856531047	0.4624604627934077
463	0.9030016264971167	0.643312101910828	0.38305941845764857	0.480190174326466
470	0.9082877421262753	0.6270764119601329	0.2709006099748834	0.37835129040340765
474	0.8442259352358421	0.6035790112223233	0.40637124770267513	0.4857212594581401
485	0.8978264083986397	0.7544883303411131	0.43124679322729603	0.5488083578191316
491	0.8638917640100547	0.7016622922134733	0.6697845331551695	0.685352931122885
492	0.8758686973236729	0.7657215557978917	0.6706462909901305	0.7150373387644263
494	0.9682833062250481	0.9255283461925529	0.8126656848306333	0.8654328732747804
496	0.9476933313618217	0.9055472263868066	0.7330097087378641	0.8101945003353455
497	0.8936123022327369	0.7976054732041049	0.6983361064891846	0.7446770759403831
498	0.8958672186899305	0.9023349797934441	0.8885695334954676	0.8953993539044225
499	0.8801567351766967	0.799622641509434	0.43871635610766047	0.5665775401069519
504	0.8652964660653556	0.5848540145985401	0.5843208751139471	0.5845873233014137
510	0.8718024545320124	0.5649829738933031	0.5071319409067754	0.5344966442953021
511	0.8508428212331806	0.7659433493457015	0.6381451835495445	0.6962282616878717
512	0.922852284489132	0.8117934616559731	0.6436531007751938	0.71801107958384
513	0.8993789738281828	0.5165180912427897	0.35368043087971274	0.4198635976129583
517	0.9329069939376017	0.8086070215175538	0.491566265060241	0.6114322414900449
523	0.9227044211148898	0.7169603524229075	0.4522403612365405	0.5546325878594249
530	0.8946103800088718	0.6414160639512753	0.46883695047301055	0.5417135508760649
534	0.8844817388732811	0.8111415525114155	0.6798836497244336	0.7397351544932124
542	0.8415274286559219	0.9033112582781457	0.8812683266239253	0.8921536565117858
543	0.857459707230519	0.8319073980875692	0.7908334130705196	0.810850583733935
547	0.9016338902853763	0.8180583842498302	0.5314222712238148	0.6442988905226574
549	0.8427842673369806	0.8034596981965403	0.5782015627069262	0.6724682325760493
558	0.9272142540292769	0.8358720487433359	0.5879989284757567	0.690360119515647
574	0.9405219577110749	0.9614438063986874	0.951092837048258	0.95624031113166
581	0.8928729853615259	0.8103053435114503	0.4692749778956676	0.5943449048152296
585	0.9019296170338608	0.6317530319735392	0.5100890207715133	0.5644393367263175
588	0.8489205973680319	0.6886184681460272	0.5091743119266054	0.5854549142915103
596	0.9013011976933314	0.6692689850958127	0.2996504607562758	0.4139596136962248
597	0.911688599733846	0.7316202712348323	0.33739302172481894	0.4618157242622212
599	0.9136847552861156	0.8244958924570575	0.5421065553645961	0.6541253147681825
601	0.8896569569717581	0.7838933951332561	0.5472194135490395	0.6445158985351912
610	0.9247745083542807	0.777825711820535	0.5425820042130605	0.6392483602198192
613	0.8824486174774508	0.8273638968481375	0.6758338209479228	0.7439613526570048
618	0.8640026615407363	0.5972187732803576	0.5389959659345585	0.566615620214395
620	0.90658731332249	0.8508638981509549	0.5797191243287898	0.6895958727429063
621	0.8650377051604318	0.8612892880051315	0.6584528625720241	0.7463350239699855
625	0.8233771994676918	0.8752333882482153	0.6863319266213074	0.7693570187294844
631	0.9260313470353393	0.7333333333333333	0.5116279069767442	0.6027397260273971
643	0.8285154517226083	0.7226296490309062	0.43524215175895253	0.5432706507827114
644	0.8491423924293953	0.8850890697162964	0.7261163734776725	0.7977600475742107
646	0.8858494750850214	0.8825950930347439	0.6929541047188106	0.776361529548088
648	0.8838163536891912	0.778932451582428	0.5990917347865576	0.6772769278159976
672	0.923591601360343	0.9119368796131331	0.67552790346908	0.7761291021336512
675	0.9315392577258613	0.8271028037383178	0.544280442804428	0.6565281899109792
699	0.8930947804228893	0.522532800912721	0.3083136990912151	0.3878069432684166
701	0.9179358272955789	0.8734723220704529	0.5653792461610051	0.6864406779661016
703	0.867477450835428	0.5887764489420423	0.3223369428355578	0.4165988608624898
706	0.856313766080142	0.768979057591623	0.6550522648083623	0.7074584180025588
708	0.9349770811769924	0.8805744520030234	0.4211858279103398	0.569821472242602
711	0.9038888067425699	0.596830985915493	0.34709897610921503	0.438929650410013
712	0.940928581990241	0.8394160583941606	0.5325970787317421	0.6517000871839582
713	0.9189339050717137	0.7727272727272727	0.3322862129144852	0.4647302904564315
722	0.9023732071565873	0.7591713422529133	0.45783446121811555	0.5711966228283812
727	0.8804524619251811	0.89171974522293	0.6577916992952232	0.7570977917981071
732	0.914313174626645	0.8591767254719901	0.5984048286268593	0.7054637865311311
736	0.8732441224308739	0.8170511896178804	0.6525118756297682	0.7255702280912364
739	0.8890655034747893	0.8094764085208043	0.6654664484451719	0.7304410311685978
743	0.8869214845482774	0.856104094910065	0.7765563526961351	0.8143923305624657
744	0.8651116368475529	0.7001058761249338	0.5124975779887618	0.5917887906924711
745	0.8986396569569718	0.865608870196903	0.689508146794579	0.7675877267333446
752	0.8704347183202721	0.8745925544690342	0.833074597597843	0.8533288697326025
760	0.9004509832914387	0.8371249587866798	0.5358801181933305	0.6534551537768626
763	0.8566834245157474	0.7985515021459227	0.487792888743241	0.6056352354796053
764	0.8765710483513234	0.8400383141762452	0.4810751508502468	0.6117893268224625
765	0.9230740795504954	0.8193231441048034	0.6790318932368242	0.7426097711811998
769	0.855167824929765	0.6486206896551724	0.6667848280751506	0.6575773466177242
770	0.9004140174478782	0.7966256269949841	0.43729662077597	0.5646412411118293
773	0.9077332544728671	0.8164822586798932	0.5150421179302046	0.6316410861865408
779	0.8631524471388438	0.7217348927875243	0.32111882046834345	0.4444777911164466
782	0.856313766080142	0.5682574916759157	0.46768668645809547	0.5130903169234624
786	0.8754251072009464	0.7090136054421768	0.7153397391901167	0.7121626238469423
787	0.900266154073636	0.5017605633802817	0.21095484826054775	0.297029702970297
798	0.8977894425550791	0.5707853926963482	0.37434383202099736	0.4521497919556172
799	0.8484030755581843	0.8629413400055602	0.6658800815188244	0.7517103590240359
816	0.9447360638769777	0.782679077296641	0.6687413554633471	0.7212381129964571
824	0.9057001330770368	0.5645977011494253	0.4336158192090395	0.4905132814060316
830	0.8803415643944995	0.838496583143508	0.8018734342664198	0.8197761817270753
831	0.8055966287150673	0.8595202266088342	0.7256015543267075	0.7869038453746101
838	0.8720612154369363	0.7215980024968789	0.6804574503868147	0.7004241322600191
846	0.8868105870175957	0.522960932145305	0.47747183979974966	0.4991822047759241
850	0.8864409285819902	0.7440041710114703	0.3560379241516966	0.4816064799190011
863	0.8880674256986545	0.6300316598824062	0.38662225922842075	0.4791881664946681
880	0.8861082359899453	0.8913636363636364	0.4082864876119092	0.5600456947022704
883	0.8857755433979003	0.6040489642184558	0.36325028312570784	0.4536775106082037
885	0.8956823894721277	0.7542948461845785	0.4610500610500611	0.5722946347377994
892	0.8507319237024988	0.8363459399332592	0.6776701216764308	0.7486930545182973
898	0.9003400857607571	0.8061420345489443	0.4229607250755287	0.5548216644649934
907	0.9075484252550643	0.7969215491559086	0.43413578577224776	0.5620731920854491
912	0.8575706047612006	0.7896662763466042	0.6906926129816925	0.7368708597964899
920	0.9071048351323378	0.8243938280675973	0.6520728399845022	0.7281773931855057
929	0.8060771846813545	0.8778032312515072	0.8189538807649044	0.8473580074487895
930	0.8932056779535709	0.6121031746031746	0.36935049386411256	0.4607056188165018
931	0.8580141948839273	0.6315919172005914	0.5221022611529843	0.5716516114642578
932	0.8594928286263492	0.6618610747051114	0.333553500660502	0.4435660957400087
943	0.8418601212479668	0.8130126771066368	0.571110529072813	0.6709230769230771
946	0.9620730445068757	0.9441764300482426	0.7602663706992231	0.8422994159237627
948	0.9000073931687121	0.7942366026289182	0.40604807443783925	0.5373695912433727
953	0.8542806446843116	0.8537146362033274	0.8455463588731111	0.8496108652525561
955	0.9329069939376017	0.9003856041131105	0.6505688414209426	0.7553578649413668
957	0.8442998669229632	0.7046558704453442	0.5583894770612768	0.6230535170932522
958	0.8581620582581695	0.7332246672099972	0.4859560676989557	0.5845154304277207
960	0.8705825816945143	0.5022857142857143	0.25049871758335707	0.33428408442669705
962	0.9117625314209671	0.6802768166089965	0.33803301237964234	0.4516425453710084
965	0.8880304598550939	0.6559226430298146	0.2382903981264637	0.34958127549924845
969	0.8687342895164868	0.6192703461178671	0.5793043097790418	0.5986210014694247
980	0.881783232293361	0.717027027027027	0.552248126561199	0.6239416745061147
983	0.8905441372172113	0.7279246056136037	0.6851137678364828	0.7058706665342207
984	0.9251072009463256	0.8001222493887531	0.4351728723404255	0.5637381567614126
987	0.9112450096111193	0.6576782449725777	0.46554513102555806	0.5451790111763593
992	0.8952757651929617	0.8480392156862745	0.28168249660786976	0.4228967203096354
993	0.898122135147124	0.7523364485981309	0.67296974522293	0.710443370455978
1001	0.9180467248262605	0.8344722854973424	0.354744996772111	0.49784824462061156
1004	0.8806003252994233	0.8080168776371308	0.6539894442719653	0.7228894989704874
1007	0.9170856128936863	0.907117278424351	0.6891685087570141	0.7832640834863273
1014	0.840862043471832	0.7091708542713567	0.4005676778428242	0.5119600952272986
1015	0.8725417714032234	0.888548504741065	0.6941310541310541	0.779398592450416
1017	0.9298757947656365	0.8743228602383532	0.4922232387923147	0.6298536585365853
1036	0.870360786633151	0.8712045681138403	0.8216789194734142	0.8457173023624125
1038	0.9256616885997339	0.9306303452644916	0.9413046264257336	0.93593705202128
1039	0.8675513825225492	0.7795598657217456	0.775990099009901	0.7777708863114806
1042	0.8830770368179802	0.9180662638049594	0.9484629294755877	0.9330170898540905
1043	0.8219355315688304	0.8587779739194806	0.8658284533241475	0.8622888018525401
1044	0.8857385775543398	0.8390388413429888	0.7069754541672445	0.7673665989312863
1047	0.9310956676031347	0.8313214739517154	0.6625316455696203	0.7373908143138913
1048	0.9639213366849031	0.8848484848484849	0.7421931735657226	0.8072669826224329
1052	0.9838459263640397	0.946078431372549	0.9051926298157454	0.9251840438281116
1057	0.9023362413130268	0.6973947895791583	0.47973531844499584	0.5684416857236197
1061	0.9319828478485879	0.8240563019833653	0.6663217796171754	0.7368421052631579
1167	0.7881857163980482	0.6357589195726668	0.4456690688144694	0.524007310184416
1170	0.8793804524619252	0.459546925566343	0.22625876354365837	0.30322442878496686
1173	0.8902484104687269	0.5344632768361582	0.30604982206405695	0.3892203250360009
1202	0.912834540884223	0.929711524381315	0.9540195341848234	0.9417086917828538
1205	0.9091749223717285	0.5910034602076124	0.3139705882352941	0.41008403361344536
1206	0.9271772881857164	0.9268107476635514	0.9567655571635311	0.9415499643959174
1208	0.9007836758834836	0.6338762214983713	0.31437802907915996	0.4203023758099352
1209	0.8639656956971759	0.8218216119903574	0.7983912025252011	0.809936989980374
1213	0.9081029129084726	0.7963246554364471	0.8181246066708622	0.8070774483936055
1216	0.9209300606239834	0.7263565891472868	0.5666767462957363	0.6366570409376593
1265	0.8907289664350141	0.4941342092914125	0.3592630501535312	0.4160410904780719
1272	0.9151633890285377	0.6921529175050302	0.5292307692307693	0.5998256320836965
1309	0.9177509980777762	0.9190729483282675	0.9387491106655456	0.9288068345438838
1310	0.8472941002513678	0.8658819696167475	0.9620780161100552	0.9114488435403313
1311	0.937231997634186	0.8800279818118223	0.649961250322914	0.7476968796433877
1315	0.9863226378825964	0.954653937947494	0.9219624629568653	0.9380234505862647
1317	0.9027798314357534	0.7082228116710876	0.448488241881299	0.5491943777853959
1318	0.9391542214993346	0.8661971830985915	0.6602254428341385	0.7493146512336278
1357	0.8256321159248854	0.8741611584842828	0.8862799263351749	0.8801788299845047
1364	0.8372763566464587	0.7497236696668246	0.8851603281133482	0.8118320936992391
1365	0.7845260978855537	0.7791324071448823	0.7024539877300614	0.7388089797015729
1366	0.9536078663315097	0.8422928422928423	0.7966292134831461	0.8188248881189548
1375	0.9370841342599439	0.9480744844156711	0.9389252429109657	0.9434776833156217
1376	0.8605648380896052	0.888951302769736	0.9447990815154994	0.9160247562224498
1377	0.9156069791512642	0.7051773729626079	0.4686205798024849	0.5630622009569378
1399	0.8858125092414609	0.5641025641025641	0.47632794457274824	0.5165127562998905
1404	0.8284784858790477	0.8333899264289757	0.6991738676289051	0.7604048332128471
1414	0.8990462812361378	0.8679329277340851	0.9248161910032414	0.8954721169671221
1415	0.8871802454532013	0.8068241469816273	0.5703153988868275	0.6682608695652174
1429	0.8176844595593672	0.8318298969072165	0.7840874582447617	0.8072534000312648
1439	0.9860269111341121	0.9423011266643906	0.9296059279218593	0.9359104781281791
1440	0.9141283454088422	0.9517055048969942	0.9371911820600533	0.944392579293836
1442	0.8611932574301345	0.6908789996322178	0.6443148688046647	0.666784985358062
1444	0.8053378678101434	0.8551358283782208	0.8406303724928367	0.847821061149
1454	0.8817462664498004	0.8975961848295418	0.8963830608829966	0.8969892126871679
1461	0.8773842969096555	0.768480909829407	0.7793491692983661	0.7738768832231236
1463	0.8563507319237025	0.7062076346771317	0.6387544369151339	0.6707895628600473
1464	0.85819902410173	0.8376870102113512	0.7407601847963041	0.7862476317842416
1465	0.9291364778944255	0.9512613858553102	0.9570578639286057	0.9541508215541364
1466	0.869214845482774	0.6527107852595022	0.6606131614918961	0.656638198757764
1467	0.8178692887771699	0.8829766216661179	0.8097596328058945	0.8447846769366475
1473	0.911688599733846	0.8506210137630077	0.8782347504621072	0.8642073551980901
1475	0.8662206121543694	0.8015787029871537	0.6890633315593401	0.741074622594262
1476	0.8720242495933758	0.8721702894470098	0.7689405222917287	0.8173087071240105
1477	0.888104391542215	0.6770909090909091	0.6223262032085561	0.648554510623476
1488	0.8961629454384149	0.8512158703071673	0.8494944119212346	0.8503542698843962
1500	0.884814431465326	0.7823966065747614	0.6383457345561516	0.7030684200495522
1514	0.8655552269702794	0.9049464747139165	0.8754836021665378	0.8899712600211768
1522	0.8824855833210113	0.8250748254073828	0.6999576809140923	0.7573838052354422
1548	0.9328700280940411	0.9414832271975129	0.9665894465894466	0.9538711643974802
1559	0.794691704864705	0.8278022350152388	0.7352985411340052	0.7788132218239745
1562	0.8874020405145645	0.5842887473460722	0.3996514667441185	0.47464642980338045
1577	0.8703238207895904	0.8498122653316645	0.6807017543859649	0.7559142777623156
1579	0.898380896052048	0.6672014668805868	0.691777566539924	0.6792672966981683
1580	0.885886440928582	0.9200875752599891	0.8951011714589989	0.9074224021592443
1588	0.9540514564542363	0.9641161532516286	0.967159550312898	0.9656354538165934
1590	0.8995638030459855	0.7579672695951766	0.26537997587454765	0.39312039312039304
1597	0.8429690965547834	0.8322698268003647	0.7246031746031746	0.7747136190072126
1603	0.8228596776578442	0.7992112482853223	0.5627867664815261	0.6604789570639081
1606	0.8169081768445956	0.8625295778948172	0.7818986991419873	0.8202373607229703
1616	0.8595667603134703	0.7824091076019096	0.6197818181818182	0.6916646376105835
1618	0.7836389176401005	0.6972321596686123	0.4659033719174635	0.5585639942680443
1637	0.8520626940706787	0.7938662644544997	0.72781746946301	0.7594084405434651
1638	0.817943220464291	0.8523213194868662	0.5850718104623126	0.6938521787778953
1643	0.8375351175513825	0.8200169225190378	0.7001031991744066	0.7553304013806157
1661	0.8445216619843264	0.8576779026217228	0.710215157976352	0.7770119817622734
1664	0.8083690669821085	0.7757645849396042	0.637083157450401	0.6996175686638081
1665	0.8800828034895757	0.7537513397642015	0.5474892954456987	0.6342728297632468
1669	0.8753511755138252	0.7773550724637681	0.6669257071806031	0.7179186883051698
1680	0.8666272364335355	0.7968882946396013	0.7719298245614035	0.7842105263157894
1684	0.8870323820789591	0.9296191541143195	0.8767913642285502	0.9024327948406871
1688	0.9576371432796097	0.9678958298254476	0.9677871934451989	0.9678415085868223
1690	0.8599364187490759	0.8214285714285714	0.6833640270104359	0.7460625963407278
1695	0.8787150672778353	0.8416900420757363	0.6687560941635325	0.7453232942637584
1702	0.9058849622948396	0.9408077544426494	0.8993143492494904	0.9195932289034866
1703	0.8437823451131155	0.8484217448487505	0.7313869992441421	0.7855693119545363
1704	0.8820789590418453	0.8814604077761973	0.6956467506548585	0.7776073619631904
1707	0.905441372172113	0.7709795116474881	0.6119402985074627	0.682314952806756
1708	0.8804894277687417	0.7671916010498687	0.5547542228126779	0.6439035136028197
1712	0.8867736211740352	0.8161149281698938	0.8041605120630232	0.8100936201872404
1713	0.9197471536300459	0.8722551078861944	0.7525535420098847	0.8079950473158222
1716	0.933202720686086	0.7903225806451613	0.5951417004048583	0.6789838337182448
1720	0.9168268519887623	0.8521151178918169	0.7786755386565273	0.8137417218543046
1722	0.9468061511163685	0.860362350861688	0.828334396936822	0.8440446515660561
1732	0.820161171077924	0.7128799859427166	0.556668496158068	0.6251637260189538
1733	0.8818941298240426	0.7353785036415802	0.6253753753753754	0.6759306217669134
1734	0.8955714919414461	0.7973718791064389	0.5963050314465409	0.6823344203305971
3058	0.849327221647198	0.7355169885113664	0.5012493753123438	0.5961957598573411
3097	0.7837128493272216	0.8091267348220915	0.8495442552170784	0.8288430598215591
4163	0.9283971610232146	0.7889963724304716	0.6780982073265783	0.7293558753667739
4164	0.9313913943516191	0.8823313782991202	0.6106037544393709	0.7217391304347827
4166	0.8614520183350584	0.7041210560206053	0.696053469127944	0.7000640204865556
4169	0.9256986544432944	0.7770382695507487	0.5589467384799521	0.6501914375217542
4451	0.79838828922076	0.8517495395948435	0.7815546600805927	0.8151437093275488
4577	0.8686233919858051	0.8571249057552148	0.7383632820956917	0.7933240288439173
4759	0.915865740056188	0.6702981651376146	0.4073170731707317	0.5067186822713481
4890	0.9160875351175514	0.9320494014101168	0.9593785008036627	0.9455165130568356
4912	0.900672778352802	0.5310312645823612	0.40354609929078017	0.45859359258513
4914	0.8672556557740647	0.8272694524495677	0.6357093425605537	0.7189481098849495
4917	0.8636699689486914	0.5805011163483007	0.5395434632234263	0.5592734225621414
4929	0.8173517669673221	0.847162833699295	0.8645986908061567	0.8557919621749409
5199	0.88037853023806	0.7738584721921662	0.6200797641754812	0.6884867154408933
5232	0.871100103504362	0.8636589609743972	0.7440839490309455	0.7994247914869141
5273	0.8204199319828478	0.7322054564852919	0.6077166350411132	0.6641780727222453
5303	0.9103208635221056	0.6206305688827964	0.578594249201278	0.5988756613756615
5306	0.9091749223717285	0.7108886107634543	0.4913494809688581	0.581074168797954
5312	0.887365074671004	0.6646134893748075	0.5242954324586978	0.5861741138123048
5344	0.9118364631080881	0.9251519756838906	0.96012617674602	0.9423146692465837
5347	0.8802676327073784	0.5771971496437055	0.4017635712317443	0.4737611697806661
5359	0.8118438562768002	0.8487014230106567	0.8302640614270553	0.8393815083622593
5544	0.9011903001626497	0.9268184744126167	0.9642543217111046	0.9451658563603914
5551	0.9149415939671743	0.7863871163780006	0.6182513139034879	0.6922562525076903
5552	0.9417787963921337	0.8493635077793493	0.6764291748803154	0.7530960965668599
5558	0.8946473458524323	0.8631873559433652	0.7219774166896172	0.7862927414517097
5559	0.9340529350879787	0.9042854445912781	0.7895170595022252	0.8430130235832455
5563	0.8413056335945587	0.6780256723716381	0.6699380945191001	0.6739576213260423
5564	0.9101730001478634	0.800747198007472	0.5896377808344796	0.6791655664114075
5565	0.9315762235694218	0.7532400207361327	0.5137906647807637	0.6108892158923691
5572	0.8863300310513086	0.5366075488858572	0.3646477132262052	0.4342226310947562
5575	0.8260017743604909	0.8489842183276659	0.7659691629955947	0.8053430379223357
5596	0.8310291290847257	0.8836740570112295	0.857454179704962	0.8703666940812796
5601	0.9363817832322934	0.8852887379148158	0.7254817987152035	0.7974579263269389
5605	0.8741313026763271	0.8073408239700375	0.7177677144379329	0.7599238524994713
5610	0.8498447434570456	0.8625805950438903	0.8288422781219676	0.8453749524172058
5612	0.9600029572674849	0.8613428684942391	0.7473285074112375	0.8002953119232188
5613	0.9197101877864853	0.8550425586793913	0.6730964467005076	0.7532379004771642
5616	0.8822637882596481	0.8720410897722197	0.7929739059803026	0.8306301515554373
5622	0.9499482478190152	0.8473520249221184	0.6531732418524872	0.7376985664471135
5623	0.9165680910838385	0.8791784702549575	0.8155301537248719	0.8461590893599619
5626	0.9308369066982108	0.8367008943358728	0.8509348155634159	0.8437578288100209
5631	0.92876681945882	0.8383339216378397	0.8245096337441417	0.8313643125929816
5632	0.9698358716545912	0.8796801163213377	0.8330464716006885	0.8557284299858557
5633	0.9229262161762531	0.807777426493835	0.6336805555555556	0.7102154273801252
5634	0.9117994972645276	0.889821455821761	0.7779853235490327	0.8301537585421412
5635	0.9698728374981517	0.8939090649127824	0.8756302521008403	0.8846752511673978
5637	0.8945364483217507	0.8184116283968822	0.6611640571817563	0.7314317989268568
5639	0.9540514564542363	0.8656294200848657	0.6571224051539012	0.7471007121057986
5641	0.8809699837350289	0.864693689543989	0.7859535273184006	0.823445553240487
5642	0.9574523140618069	0.9003059663437022	0.8228851083663482	0.8598563253378789
5644	0.8501774360490907	0.7839786071387048	0.7544193331841575	0.7689149894520783
5645	0.9261052787224604	0.7786425902864259	0.6600686196885722	0.7144693615197829
5646	0.933128788998965	0.8236714975845411	0.6901087781431824	0.7509979353062629
5648	0.8347257134407807	0.8647032967032967	0.7703634085213033	0.8148117466760553
5650	0.9404110601803933	0.8748091603053435	0.8274368231046931	0.8504638218923933
5653	0.9044063285524175	0.6477207155222158	0.6218836565096952	0.6345392877331826
5654	0.8732810882744344	0.829224869898658	0.9283961974854339	0.8760127314814815
5655	0.9097663758686974	0.8138097796883396	0.6340799665061754	0.7127897399694081
5656	0.9342377643057814	0.8416561314791403	0.6757168231413346	0.7496129486277269
5661	0.9511681206565133	0.8219114219114219	0.652479644707624	0.727460284712193
5677	0.8601212479668786	0.8670373504170192	0.72770619864056	0.7912851627137341
5679	0.9118734289516487	0.825596994902066	0.6395759717314488	0.720777699695479
5681	0.945031790625462	0.8519388954171563	0.6623020706455542	0.7452458454685627
5685	0.9074375277243827	0.8610376398779247	0.699157442590451	0.7716994894237782
5686	0.8911725565577406	0.8532842234499693	0.7366189719130896	0.7906712172923778
5692	0.8129528315836168	0.8454301075268817	0.8569482288828338	0.851150202976996
5693	0.8321011385479816	0.8548123980424144	0.7773873662840634	0.8142635151713421
5694	0.9190078367588348	0.8519796040791842	0.8251270878721859	0.8383383752674685
5699	0.947915126423185	0.9032665964172814	0.8185637891520244	0.8588317803827271
5710	0.9299127606091971	0.9441457586618877	0.8059663437021928	0.8696011004126547
5725	0.9139435161910395	0.7331745086360929	0.6322547508988187	0.6789851075565361
5786	0.8978264083986397	0.8625212057940754	0.9526520611127126	0.9053489487021438
5788	0.9185272807925476	0.8271918678526048	0.6811048336472065	0.7470736745467065
5793	0.9529055153038593	0.8374322634431013	0.6944348427238161	0.7592592592592592
5811	0.8880304598550939	1.0	0.011745513866231648	0.023218316672041276
5830	0.8696584356055005	0.8896412449512948	0.7425143763632758	0.8094466061392132
5832	0.9125018482921781	0.8520342057527857	0.6467348544453186	0.7353237168735324
5841	0.9096185124944551	0.5882150241212957	0.5772742644572202	0.5826932923707119
5844	0.8396421706343339	0.48968991027860853	0.7394818160209176	0.5892045454545455
5846	0.9129084725713441	0.879403541472507	0.7340905554691147	0.8002035278154681
5860	0.804968209374538	0.8377921712193748	0.8612703375600718	0.849369040141609
5861	0.8351693035635073	0.8353025136785346	0.8155775781975844	0.825322207858346
5863	0.9125757799792992	0.8918527109307045	0.7916613048513704	0.8387756493285158
5875	0.9211148898417862	0.9093663216359505	0.8357308584686775	0.8709950429210495
5923	0.9151633890285377	0.6457260556127703	0.4383082838168473	0.5221736414740786
5936	0.927620878308443	0.8632607062359129	0.5904419321685509	0.7012511443393348
5984	0.9080659470649121	0.9160005329070078	0.9181411497629699	0.9170695921838008
6135	0.8698802306668638	0.7419394235466537	0.8119486768243785	0.7753669432035738
6141	0.8880674256986545	0.8444405776927092	0.6945756404751682	0.7622114025443695
6189	0.8620434718320272	0.7549740484429066	0.826467803030303	0.7891048824593128
6199	0.9238133964217063	0.7942551770207081	0.40414683888511216	0.5357062401441766
6235	0.8753881413573857	0.9225878511899648	0.9319158168800173	0.9272283746734883
6514	0.935014047020553	0.861368909512761	0.494340878828229	0.6281725888324873
6599	0.8750554487653408	0.8719512195121951	0.7794846382556987	0.8231292517006802
6714	0.8511015821381044	0.828932960214138	0.7220985691573927	0.7718364110116688
6747	0.9133890285376313	0.7424593967517401	0.4722550177095632	0.5773047086415298
6784	0.984880969983735	0.9537612146307799	0.9095097071405067	0.9311099882095335
6790	0.8750924146089014	0.681185944363104	0.4259555962462806	0.5241515279538093
6806	0.9346443885849475	0.8347497639282342	0.6808729139922978	0.75
6809	0.870767410912317	0.7644528779253636	0.7871564413182233	0.7756385573097163
6814	0.8726157030903445	0.8891334800880528	0.8819559319790908	0.8855301621047037
6821	0.8928360195179654	0.6681974741676234	0.18233082706766918	0.28648781688407576
6826	0.884075114594115	0.5997490589711418	0.14506828528072838	0.23362658846529816
6830	0.8921706343338754	0.7137809187279152	0.3756641870350691	0.492254134029591
6836	0.9007836758834836	0.73453787352328	0.314676987198571	0.4406002501042101
6839	0.872911429838829	0.5761734833928082	0.5256699223641372	0.5497642744892614
6840	0.9201907437527724	0.9465673061677501	0.9397628292580543	0.9431527949656389
6841	0.8769776726304894	0.552058921995313	0.45314646881011267	0.4977361907636583
6842	0.8562028685494603	0.5697617890131259	0.525089605734767	0.5465143390067615
6843	0.872246044654739	0.5616759449164958	0.4944544751096208	0.5259259259259259
6844	0.8808221203607867	0.6378303198887344	0.5440094899169632	0.5871959026888603
6845	0.9095815466508945	0.7025371828521435	0.4762752075919336	0.5676917638741605
6847	0.8254103208635221	0.6160990712074303	0.5640213404468156	0.5889111323875011
6849	0.8889915717876682	0.7584530386740331	0.6424560089853987	0.6956521739130435
6851	0.9073635960372616	0.8414610069101678	0.7145012573344509	0.7728014505893018
6852	0.9093967174330918	0.7259970457902511	0.5349659863945578	0.6160112799624002
6853	0.8641874907585391	0.6816901408450704	0.2801574438527437	0.3971119133574008
6856	0.8230814727192075	0.7784615384615384	0.38356579745300184	0.5139142799106236
6858	0.8514712405737099	0.6328968527452332	0.5323671497584541	0.5782955499580185
6859	0.8229336093449653	0.5781499202551834	0.40442543696541466	0.47592997811816196
6860	0.8040070974419636	0.6730769230769231	0.44336051252184044	0.5345856741573034
6861	0.8199393760165608	0.5195068089804932	0.5553806807003738	0.5368451079205097
6862	0.8335428064468431	0.6430254476908577	0.4773482595767011	0.5479369541210721
6863	0.9119103947952092	0.9375210265775941	0.9474016512870326	0.9424354421818006
6866	0.8675883483661098	0.7566333808844508	0.4928451960602119	0.5968939905469278
6867	0.9300606239834392	0.8329853862212944	0.6290068313189701	0.7167664670658683
6869	0.8399378973828183	0.6840234857849197	0.659564958283671	0.6715716019417475
6870	0.8399378973828183	0.7447455051911877	0.46958326680504553	0.5759890325107716
6871	0.8970131598403076	0.8820649755229194	0.7491495527277309	0.8101921242676113
6874	0.8356128936862339	0.7500342044055275	0.6766230560355467	0.7114398806047628
6876	0.8319532751737395	0.836315348057031	0.6393460141055781	0.7246850775193798
6881	0.8505840603282567	0.7714352830631901	0.7580794090489381	0.7646990336476889
6883	0.8386810587017596	0.6337907375643225	0.5267284390591589	0.5753211366290384
6884	0.8450022179506136	0.6536615575166435	0.683392683716413	0.6681965656405793
6885	0.8903593079994085	0.8030023094688221	0.8466033601168736	0.8242266208367903
6886	0.84744196362561	0.7529125592113686	0.728026739291904	0.7402605576184782
6887	0.8169451426881561	0.8183727614415212	0.6910941000746826	0.7493673448729629
6888	0.8421188821528908	0.7472957122377166	0.7108851971237292	0.728635872672978
6890	0.7899970427325151	0.8168694241686942	0.7463505001852538	0.7800193610842208
6891	0.7742865592192814	0.7198308036825081	0.600207468879668	0.6545989365312818
6894	0.890322342155848	0.7283604887983707	0.6009241755933628	0.6585337783404305
6897	0.8454827739169007	0.6830935251798561	0.611003861003861	0.6450407608695652
6898	0.8898048203460003	0.8430565943654948	0.7970536240424279	0.8194099472950869
6900	0.8092192813840012	0.7908854166666667	0.6308027832589054	0.7018314171818129
6901	0.8347626792843412	0.7658536585365854	0.8376860432462792	0.8001609442060087
6904	0.8689930504214106	0.7975532093179152	0.670754052149401	0.7286786097075487
6906	0.860416974715363	0.7457247316900578	0.7960468336900416	0.7700645475581538
6907	0.7729557888511016	0.7683020021396912	0.5207707448461618	0.6207705606322548
6909	0.8548720981812805	0.8136067101584343	0.7870379645397175	0.8001018329938899
6910	0.8108827443442259	0.8189147286821705	0.7019580047842651	0.7559393187672933
6912	0.8291069052195771	0.8047021106064653	0.7880690737833596	0.7962987442167878
6914	0.7380969983735028	0.6851884312007012	0.6911855715675007	0.6881739360063378
6916	0.7742495933757209	0.7595076244717986	0.7032406226078081	0.7302919224484388
6918	0.7864113559071418	0.8492872941754731	0.806099836715652	0.8271302058401149
6920	0.8932056779535709	0.8924353870031716	0.9108126721763086	0.9015303861753979
6921	0.8083690669821085	0.87244425227006	0.8191150031897002	0.8449389806173725
6922	0.9103578293656661	0.9213546039742513	0.9100836270647591	0.9156844337818573
6923	0.8159840307555818	0.8490409136267879	0.8716562322140011	0.8601999550662771
6925	0.9397087091527428	0.9500162919517758	0.9440486983551354	0.9470230941631208
6927	0.9089900931539258	0.9523638968481375	0.9239972200158856	0.9379661358597057
6928	0.8972349549016708	0.9088608611825193	0.9779151179877258	0.9421243286005747
6929	0.9462516634629602	0.963085596670992	0.9716065544170089	0.9673273111320839
6946	0.9291364778944255	0.948465711278439	0.9732480372201221	0.9606970784213225
6949	0.8428581990241018	0.7398202009518773	0.4613355317394889	0.5682949121559866
6958	0.8557223125831731	0.6214582546278806	0.3618565772107347	0.45738912831919926
6960	0.8651486026911134	0.755904024182883	0.6293849299984269	0.6868669527896996
6965	0.8149120212923259	0.8413337308686146	0.9032275273406242	0.8711826905760374
6966	0.8135442850805855	0.8600448304847296	0.801226833724876	0.8295945945945945
6968	0.9295431021735916	0.8911209321012454	0.5756553335063587	0.6994638915168716
6972	0.9827369510572231	0.9355600539811066	0.9094785175467366	0.9223349409612506
6984	0.9279905367440485	0.8494349252643092	0.6028460543337646	0.7052058111380145
7013	0.9053674404849918	0.7192336035372144	0.5205333333333333	0.6039603960396039
7024	0.8082212036078663	0.6931873087453696	0.5672861473573217	0.6239489707161496
7029	0.7735102765045099	0.7930216590724674	0.8188321732405259	0.8057202650854551
7035	0.9134999260683129	0.7497507477567298	0.2646955297430482	0.39125910509885536
7044	0.9155330474641431	0.8318405085235481	0.6283282409428197	0.7159020266069874
7058	0.9226304894277687	0.750381679389313	0.3575845762095307	0.4843557526484356
7071	0.8781605796244271	0.8203412969283277	0.7521592189260233	0.7847721039571635
7098	0.8623022327369511	0.7429362880886426	0.48950538419419604	0.5901639344262296
7105	0.8430430282419045	0.7446024892049784	0.7240059273894789	0.7341597796143251
7143	0.9322785745970723	0.9455397228186609	0.9643639259406729	0.9548590577567515
7153	0.8642244566020997	0.6991241628026791	0.5200229929105192	0.5964179760465882
7154	0.9293952387993494	0.8418230563002681	0.7040358744394619	0.7667887667887668
7162	0.7744344225935236	0.8319062047161112	0.7805933250927071	0.805433326956189
7166	0.9433313618216768	0.7626094835397161	0.7716992665036675	0.7671274494911134
7216	0.8190521957711075	0.7296054224158799	0.44375736160188456	0.5518630412890232
7229	0.8618216767706639	0.5832832230907997	0.24159402241594022	0.3416696019725255
7246	0.9172334762679284	0.7320197044334975	0.274169741697417	0.39892617449664436
7254	0.8513603430430282	0.6078098471986417	0.16748538011695907	0.26260773885934346
7269	0.8693257430134556	0.5718181818181818	0.17032223124830762	0.2624660963905696
7279	0.8977524767115186	0.7894928858080993	0.49712841718355155	0.6100930363687623
7287	0.8781605796244271	0.7980049875311721	0.4059196617336152	0.5381165919282511
7292	0.9178249297648973	0.8411577028258888	0.7074947287713245	0.768558042686101
7307	0.9094336832766524	0.7333333333333333	0.29828042328042326	0.42407146215326746
7321	0.9580068017152151	0.9130055280768111	0.789433962264151	0.8467350242849433
7356	0.7797944699098034	0.7986021965482812	0.7813830158397879	0.7898987761436179
7400	0.9148676622800532	0.8101958525345622	0.6311420237828136	0.7095472316811703
7414	0.8454827739169007	0.6314823313446535	0.5167104769057455	0.5683601817430814
7430	0.8974197841194737	0.8536363636363636	0.5513799177921316	0.6699964323938638
7439	0.9227783528020109	0.9000577700751011	0.6412842148590245	0.7489484436966711
7470	0.8633003105130859	0.0	0.0	0.0
7476	0.9169007836758835	0.8229695431472082	0.39712186160440904	0.5357290375877737
7496	0.8159840307555818	0.7600467062372288	0.7566598856921437	0.7583495145631068
7514	0.9142022770959634	0.721042471042471	0.2688017272400144	0.39161205766710355
7517	0.7854502439745675	0.8480739923275001	0.8470946407012755	0.8475840336134454
7524	0.7953201242052343	0.6772036474164134	0.4586878945923689	0.5469274200147287
7525	0.8324707969835872	0.665015758667267	0.2805318138651472	0.39460325941757946
7533	0.8638917640100547	0.6731905465288035	0.3945887445887446	0.4975436681222708
7539	0.894758243383114	0.8663321167883211	0.426454075903885	0.5715575620767495
7553	0.9110601803933166	0.8873600746268657	0.6642807262569832	0.7597843450479234
7558	0.8834466952535857	0.7535452322738386	0.3677804295942721	0.4943063352044908
7559	0.898380896052048	0.8897032534858778	0.9432686840609009	0.9157032903008188
7565	0.9293952387993494	0.8255282073622304	0.7736272708716064	0.7987355110642782
7619	0.9698728374981517	0.9205873539106982	0.8481501932633904	0.8828854720505821
7635	0.8516930356350731	0.5949519230769231	0.11870503597122302	0.19792083166733307
7649	0.8942776874168269	0.8413926499032882	0.4702702702702703	0.6033287101248267
7671	0.8879934940115334	0.8916923076923077	0.5197274031563845	0.6566961250849762
7679	0.8775691261274582	0.7556684910086005	0.4183982683982684	0.5385901365282808
7714	0.9007467100399231	0.5604229607250756	0.26080843585237257	0.35596066202926363
7736	0.7990906402484105	0.8334748160724391	0.7927067213886833	0.8125797441291079
7756	0.9128715067277835	0.8392271235873131	0.5457562825983878	0.6613992242493894
7764	0.9334984474345704	0.8121911037891268	0.7751572327044025	0.7932421560740144
7771	0.9130563359455863	0.7291666666666666	0.37524366471734893	0.49549549549549554
7781	0.9095815466508945	0.7425997425997426	0.360625	0.48548590660496427
7787	0.8418970870915274	0.8392649152323023	0.6811974789915967	0.7520148431611294
7790	0.8737616442407216	0.8444558521560575	0.5394326938842433	0.6583291645822911
7811	0.8401596924441815	0.683723462166576	0.25125025005001	0.3674663545933295
7835	0.9158287742126275	0.8611615245009074	0.758350647275052	0.8064927339168861
7859	0.8661836463108088	0.7297297297297297	0.21310691222195646	0.329877823028508
7869	0.9591527428655922	0.8815478999528079	0.6862601028655401	0.7717413757488122
7906	0.9032973532456011	0.8039289761994711	0.5036686390532544	0.6193247962747381
7957	0.8503622652668934	0.87635526839846	0.9404473571733866	0.9072708113804006
7977	0.9243678840751146	0.9341853365757748	0.9588931966647193	0.9463780270468602
