12	0.8861082359899453	0.744114451285766	0.711268824649472	0.7273210018585716
13	0.9099142392429396	0.5931372549019608	0.4295349662761803	0.49824994852789783
17	0.8956084577850066	0.9048825941110697	0.8868999780813911	0.8958010478931443
21	0.9057370989205974	0.801630988786952	0.7137411508440733	0.755137315152679
25	0.9173074079550495	0.7002712477396021	0.49599743836055077	0.5806935332708528
26	0.9322416087535118	0.7673325499412456	0.6125703564727955	0.6812728221178925
37	0.928027502587609	0.6926486885851496	0.6270903010033445	0.6582411795681938
38	0.9245527132929173	0.6826603325415677	0.5113879003558719	0.5847405900305188
48	0.9181576223569422	0.7889109895574341	0.6992066989863376	0.741355140186916
55	0.8958672186899305	0.6723891273247496	0.49722295688971174	0.5716892200091226
59	0.9259943811917788	0.7492576707357308	0.6464560204953032	0.6940709046454768
66	0.9132781310069495	0.6813892034730087	0.5458119141215604	0.6061114842175956
69	0.9096185124944551	0.6318501170960187	0.4484707446808511	0.5245965389850281
70	0.8633003105130859	0.7936441854010546	0.7211853720050442	0.7556818181818182
75	0.8382005027354724	0.7668975650713686	0.7721652752826799	0.7695224053499026
76	0.8724308738725418	0.8068132815868909	0.8185497101607787	0.8126391226450946
77	0.8896569569717581	0.6847383265434033	0.5247358309317963	0.594153636981645
84	0.8320641727044211	0.8589850249584027	0.8694736842105263	0.8641975308641975
85	0.8875868697323673	0.5776782638649672	0.4802405498281787	0.5244722439405787
86	0.8267041253881413	0.8575901885315416	0.8399463293080315	0.848676565526146
87	0.911023214549756	0.6913725490196079	0.5211350872007094	0.5943030507331872
95	0.9578959041845335	0.964347227006545	0.9700837424198672	0.9672069789537328
105	0.9042584651781753	0.7027655724993538	0.6537629237797548	0.6773791728948679
106	0.8668490314948987	0.7444849748132708	0.6679133551503817	0.7041235419747002
107	0.8879934940115334	0.6634676903390915	0.5118460019743336	0.577876845918083
108	0.8681798018630785	0.7390799593672907	0.7423116163824516	0.7406922629435719
119	0.9168268519887623	0.7715998909784683	0.6672165920339382	0.7156218402426694
126	0.910690521957711	0.7200467562828755	0.6282508924018358	0.6710239651416122
127	0.8930578145793286	0.6539011146041727	0.5763224181360201	0.6126656848306333
128	0.8298831879343487	0.7773058913209191	0.736255801959773	0.7562241762898613
131	0.912834540884223	0.704509701101206	0.6858090862685043	0.6950336264873254
138	0.8743530977376903	0.770453404718086	0.6943606755126659	0.7304306447775398
147	0.9416309330178915	0.7529880478087649	0.6985887096774194	0.7247690430538609
148	0.851619103947952	0.8829095590601866	0.8620451260134498	0.8723526044647968
158	0.9030016264971167	0.8949468085106383	0.9280198565912852	0.9111833197942054
161	0.95161171077924	0.9555138212336405	0.9672647338403042	0.9613533701396475
165	0.92540292769481	0.7629041406693137	0.6947314049586777	0.7272235739389024
171	0.9493567943220464	0.8260690789473685	0.6796346414073072	0.7457312546399407
173	0.9106165902705899	0.6558544303797469	0.5171553337492202	0.5783048482734565
174	0.9192665976637587	0.6631130063965884	0.5272973889454052	0.5874574990555345
179	0.9232219429247376	0.7425008426019548	0.6265642775881684	0.6796236310350147
197	0.9024101730001478	0.7761767531219981	0.7325475974614687	0.753731343283582
202	0.8842969096554784	0.7987794541447703	0.7080390683696469	0.7506770750358452
203	0.9156069791512642	0.7580686806093467	0.6856609061186362	0.7200490496627836
205	0.8937971314505397	0.8076862745098039	0.7576515597410242	0.7818692582188141
206	0.9088422297796835	0.825608077099587	0.8027666220437305	0.8140271493212671
208	0.8830770368179802	0.7287244401168452	0.6788824383164006	0.7029210106133184
213	0.9568238947212775	0.9651251776538756	0.9708567029583196	0.9679824561403509
222	0.9173443737986101	0.9233995584988962	0.9130529685681025	0.9181971171434844
223	0.9388584947508503	0.8327327327327327	0.7165374677002584	0.770277777777778
224	0.9462146976193997	0.8657701711491442	0.7962671463908253	0.8295654211081175
234	0.9174183054857312	0.7693732633528867	0.6262880120633325	0.6904959822665558
238	0.8313248558332101	0.8841927303465765	0.862182657434883	0.8730489942408816
253	0.9566020996599143	0.9603793703350356	0.9733803537910244	0.9668361581920903
271	0.9079180836906698	0.9124087591240876	0.9229080750299321	0.9176283853047187
296	0.9330918231554044	0.7340525328330206	0.5573361823361823	0.6336032388663968
300	0.8120286854946029	0.85927831893647	0.834185797549661	0.8465461568639285
301	0.8719503179062547	0.6512092744353388	0.6546112115732369	0.6529058116232465
304	0.8939449948247818	0.8416830847171405	0.7742394822006472	0.8065538399298766
311	0.9074744935679432	0.9060357574942869	0.9242372300308536	0.9150459898856192
312	0.9049238503622653	0.819155264723379	0.7133482990847867	0.7625992246630976
326	0.8737246783971611	0.8416879795396419	0.7513698630136987	0.7939686369119421
334	0.9127975750406624	0.7881429816913688	0.7227663401958825	0.7540402460640183
335	0.9042214993346148	0.6869175008629617	0.5416439847577572	0.6056916755440572
349	0.8966435014047021	0.8245548961424333	0.7061626429479034	0.7607802874743327
351	0.8722830104982996	0.6777301927194861	0.6187683284457478	0.6469085334695964
353	0.8889546059441077	0.5174648901692473	0.4633989035794905	0.4889418169445389
358	0.9281384001182907	0.7306413301662708	0.5276157804459691	0.6127490039840638
366	0.941593967174331	0.7833391669583479	0.6995936230071897	0.7391017173051518
372	0.9240721573266302	0.6654756587762394	0.5330948121645797	0.5919745729042512
375	0.9212627532160284	0.6941881918819188	0.506393001345895	0.585603112840467
388	0.8916531125240278	0.6286158631415241	0.5377860564129856	0.5796644199053491
390	0.9125757799792992	0.6480304955527318	0.618744313011829	0.6330488750969744
391	0.8633372763566465	0.8702851885924563	0.8683801722920491	0.869331636800622
392	0.918416383261866	0.8778979907264297	0.8236224624307935	0.8498945793375501
396	0.9317980186307852	0.7878381998392714	0.7363545317976965	0.7612268668305939
407	0.9133890285376313	0.6668561682774303	0.40034129692832765	0.5003198976327574
409	0.8894351619103948	0.7027660571964369	0.6350349502224105	0.6671859352397908
413	0.9330178914682833	0.7867824409068982	0.5434855048317228	0.6428852975955854
414	0.8821528907289664	0.846000852393806	0.7389254249906936	0.7888462047953371
418	0.9109123170190744	0.8183154799411888	0.7160448446976658	0.7637718094491276
425	0.920227709596333	0.6480519480519481	0.5267417311752287	0.5811335403726708
434	0.9233698062989797	0.8544807724885651	0.806008309364014	0.8295370446509334
448	0.8973458524323525	0.6339031339031339	0.5043921790875602	0.5617800220924727
454	0.8685124944551235	0.7579572019420967	0.6559290382819795	0.7032618670226078
455	0.931317462664498	0.8065223348862702	0.7186813186813187	0.7600723140495868
456	0.8893242643797131	0.6234360695758315	0.537207467788588	0.5771186440677967
463	0.9157918083690669	0.7001912045889102	0.5506766917293233	0.6164983164983165
470	0.9085465030311992	0.5804920155373328	0.4724271162627327	0.5209140201394269
474	0.8528389767854503	0.6181661644425313	0.5654656428430793	0.590642673521851
485	0.9126497116664203	0.7443799854967368	0.5532201562921045	0.6347194311330964
491	0.8809699837350289	0.7345807345807346	0.7152496626180836	0.7247863247863249
492	0.8836315244713885	0.7536945812807881	0.7358127605001603	0.744646333549643
494	0.9715363004583765	0.9072568503462812	0.8670503597122302	0.8866980576809889
496	0.944625166346296	0.8369652945924132	0.7771671246565076	0.8059585492227979
497	0.9008945734141653	0.8188283735728992	0.7186268068331143	0.7654623392529087
498	0.9117255655774065	0.9200416914830256	0.9038911644236396	0.9118949232585596
499	0.8949430726009168	0.7398252184769039	0.622086920008398	0.6758667883211679
504	0.8993420079846222	0.703558282208589	0.6542674577818348	0.678018209767057
510	0.8917270442111489	0.6299522337735319	0.581733264141152	0.6048833130986105
511	0.868475528611563	0.772020725388601	0.7309893704006541	0.7509449811003779
512	0.9463625609936419	0.8670284938941656	0.7687680461982676	0.8149470730774137
513	0.9109492828626349	0.5656565656565656	0.4006024096385542	0.46903240026449194
517	0.9357903297353246	0.7190839694656489	0.6530329289428076	0.6844686648501362
523	0.9315392577258613	0.7218656397090286	0.583939079266182	0.6456180635285113
530	0.9067721425402928	0.6938851603281133	0.5224592925322852	0.5960922485586162
534	0.8962738429690965	0.7925891034699325	0.772692484310424	0.7825143388621919
542	0.8655182611267189	0.9018467852257182	0.9189068100358423	0.9102968734589211
543	0.8613411208043767	0.8045800144822592	0.8481060967464936	0.8257698917738863
547	0.9037409433683277	0.7536038441003737	0.6267761989342806	0.6843636363636364
549	0.8658139878752034	0.7869400151860289	0.6994196247806721	0.7406031156209804
558	0.9252180984770072	0.7658933413678819	0.6710665258711721	0.7153510623329112
574	0.9521292325890877	0.963699919333154	0.9665587918015103	0.9651272384542884
581	0.9059588939819607	0.7348825587206397	0.6647830018083183	0.6980773795395205
585	0.9055153038592341	0.6452028332260141	0.5795257374204743	0.6106032906764168
588	0.864113559071418	0.6684502197592204	0.6431329288472145	0.6555472263868065
596	0.9039257725861304	0.6202626641651032	0.5101851851851852	0.5598645215918713
597	0.9279535709004879	0.7392214315613227	0.5711513583441138	0.6444079547527822
599	0.9176031347035339	0.7821782178217822	0.6343065693430657	0.7005239822652156
601	0.895497560254325	0.7470128676470589	0.6532047418123368	0.6969664487083289
610	0.9251811326334467	0.7363906301550643	0.6456465143187735	0.6880394574599261
613	0.8928360195179654	0.7959372114496768	0.7667902149740549	0.7810918976062825
618	0.8743161318941298	0.6304347826086957	0.5677317731773177	0.5974425763675113
620	0.9117625314209671	0.7771836007130125	0.7154871794871794	0.7450603439068674
621	0.8796761792104096	0.8341742806491205	0.75	0.789850861901995
625	0.8399378973828183	0.8112826811721354	0.8092945912830387	0.8102874167542937
631	0.9408176844595594	0.7947964750314729	0.6300731869594145	0.7029133419929485
643	0.8546133372763567	0.6926702421582968	0.6760786802030457	0.6842739022236494
644	0.8640026615407363	0.8517326263965158	0.8097938608335584	0.8302339532093581
646	0.8924663610823599	0.8277777777777777	0.7812295189408834	0.8038303324566726
648	0.892540292769481	0.7692154915590864	0.6893912424350302	0.7271191213742608
672	0.9214845482773917	0.8357243887654071	0.759317055259776	0.7956906502500962
675	0.9356055005175218	0.787210172026926	0.6421598535692495	0.7073252688172044
699	0.9019296170338608	0.5812124016658954	0.4181091877496671	0.48635043562439495
701	0.9374168268519888	0.8069649446494465	0.8034443168771527	0.8052007824185939
703	0.8821159248854059	0.6122688582330496	0.5275670207384927	0.5667708191821763
706	0.8836315244713885	0.7987992610837439	0.738122332859175	0.767263048942777
708	0.9369362708857016	0.7718186250609459	0.5611485288904644	0.6498357963875205
711	0.9081768445955937	0.6120768526989936	0.44989912575655683	0.5186046511627906
712	0.9473236729262162	0.7706108500640751	0.6701337295690936	0.7168686667991259
713	0.9183424515747449	0.6724652087475149	0.4660695831898036	0.550559511698881
722	0.9199319828478486	0.7623820754716981	0.6553471870248353	0.7048242027800491
727	0.8908398639656957	0.8046110252447192	0.8130938435506964	0.8088301935650936
732	0.9208191630933018	0.8250401284109149	0.6745406824146981	0.7422382671480144
736	0.8901375129380452	0.7901160162724122	0.7685768723435439	0.7791976225854383
739	0.9054044063285525	0.8090957165520889	0.7566765578635015	0.7820086889854333
743	0.9201168120656513	0.8916646933459625	0.8580380540047853	0.8745282471114207
744	0.8959411503770516	0.7313463943309713	0.6969215491559086	0.7137191091223432
745	0.8979742717728818	0.8034174385180454	0.7669207317073171	0.7847449695835282
752	0.882929173443738	0.8925648021828103	0.8458989898989899	0.8686055677716467
760	0.9053304746414313	0.7662982179111212	0.690166598943519	0.7262426509887762
763	0.8774951944403371	0.7275158809762621	0.7210072895957588	0.7242469628889998
764	0.8999704273251515	0.7876955161626694	0.6911253430924063	0.7362573099415205
765	0.9331657548425255	0.8303138555754019	0.7400500341141687	0.7825877825877826
769	0.8939080289812213	0.7609539656128674	0.7229931494818198	0.7414880201765448
770	0.9064024841046873	0.7044243070362474	0.6500245941957697	0.6761320030698388
773	0.9071418009758982	0.7217962760131434	0.6379477250726041	0.6772867420349434
779	0.8840381487505545	0.6884864165588616	0.5792337831954724	0.6291523820782599
782	0.8837054561585095	0.6789657958524105	0.5633519553072626	0.6157791890571568
786	0.8849992606831288	0.7349620893007582	0.7393220338983051	0.7371356147021546
787	0.909544580807334	0.5583732057416267	0.4336677814938685	0.4881823886216273
798	0.9093967174330918	0.6514111365369947	0.5263482280431433	0.5822396454746889
799	0.8721721129676179	0.8405042794355772	0.7775518938583351	0.8078034682080925
816	0.9584503918379418	0.8201687116564417	0.7655690765926987	0.7919289152165865
824	0.9146458672186899	0.6041079339508659	0.5307855626326964	0.565078169146732
830	0.9062915865740057	0.8873449701423978	0.8325611464281866	0.8590805492245261
831	0.8321381043915422	0.8435932149398742	0.8043280182232346	0.8234928285458856
838	0.8831140026615407	0.7448444599790283	0.7146210596914823	0.7294198185863427
846	0.9061806890433239	0.6104570637119113	0.5551007556675063	0.5814643799472294
850	0.8974197841194737	0.6893233082706767	0.5681705503222608	0.6229107215654301
863	0.8971979890581103	0.6764814133235186	0.4914438502673797	0.5693046306334212
880	0.9030755581842378	0.7982278481012658	0.6333869023704299	0.7063172043010754
883	0.9042214993346148	0.6635700066357001	0.5591277606933184	0.6068881808526778
885	0.9125757799792992	0.7436273073542338	0.6300893743793445	0.6821663754871656
892	0.8802306668638178	0.8523862375138734	0.771859296482412	0.8101265822784809
898	0.9045541919266598	0.685852608929532	0.643289606458123	0.6638896120801874
907	0.9105056927399083	0.6959189935563056	0.6133044889129259	0.6520051746442432
912	0.881117847109271	0.8070713809206137	0.7736283412201048	0.7899960820164557
920	0.9191926659766376	0.8167657306825169	0.7551639188933106	0.784757778653013
929	0.8428212331805411	0.8596844223234141	0.9101917255297679	0.8842174055113821
930	0.9153851840899009	0.6900993743099006	0.5644190246839254	0.620963735717834
931	0.872246044654739	0.6707707461216449	0.5624612843278959	0.6118598382749326
932	0.8864778944255508	0.6977124183006536	0.566438204731373	0.6252593044539353
943	0.8615998817093006	0.7687447346251053	0.7230586370839936	0.745202123315639
946	0.9649563803045985	0.8936170212765957	0.8372093023255814	0.8644939965694683
948	0.903962738429691	0.6999073788206237	0.582327254045723	0.6357263039820528
953	0.8688451870471684	0.8648710166919575	0.8657906729454656	0.8653306004706598
955	0.9393760165606979	0.8610414926204399	0.7304512166312308	0.7903885480572596
957	0.87634925328996	0.7393340270551508	0.6982800982800983	0.7182208743997979
958	0.8725048055596629	0.7116979484941074	0.6051215438856931	0.6540968809547688
960	0.888104391542215	0.5731352922182757	0.5100574712643678	0.5397597688915918
962	0.9194514268815615	0.6462984723854289	0.5639097744360902	0.6022996897244023
965	0.902890728966435	0.6217081850533808	0.5276351555421323	0.5708217611501388
969	0.8904702055300902	0.7254022685307306	0.5886130136986302	0.6498877466619403
980	0.8926142244566021	0.7345679012345679	0.619146722164412	0.6719367588932805
983	0.8871432796096407	0.7401488616462347	0.6443682104059463	0.6889454915944984
984	0.9294691704864705	0.6955017301038062	0.6184615384615385	0.6547231270358306
987	0.9143871063137661	0.6317606444188723	0.5484515484515484	0.5871657754010695
992	0.9113559071418009	0.7238525206922498	0.5362318840579711	0.6160742875440282
993	0.8880674256986545	0.7129371379532289	0.6628765210452823	0.6869960719454207
1001	0.9273251515599586	0.7334430275606746	0.5749758142534667	0.6446131597975416
1004	0.8946843116959929	0.8057616008280145	0.7305286205817955	0.7663030104175212
1007	0.9290255803637439	0.8477410174315191	0.8174957118353344	0.83234369542438
1014	0.8559441076445364	0.6548908219421268	0.6538461538461539	0.6543680709534369
1015	0.8875499038888067	0.8445849236641222	0.8028344671201814	0.8231806556614741
1017	0.9324264379713145	0.7608168916580131	0.6590704647676162	0.7062982005141388
1036	0.9076223569421854	0.8759920634920635	0.9138421733505822	0.8945169051538558
1038	0.9459559367144759	0.9508270004470273	0.9555869328027726	0.953201024327785
1039	0.8955714919414461	0.8274053224155579	0.8141760040287045	0.8207373564312457
1042	0.9155330474641431	0.9383630852138767	0.9644727162577351	0.9512387699793006
1043	0.8571270146384741	0.8812468520902121	0.9003430531732418	0.8906926100851269
1044	0.8970501256838681	0.8294082125603864	0.7684990907819276	0.797792782981195
1047	0.9583764601508207	0.8619688572182634	0.8441457741018351	0.8529642204230871
1048	0.9686899305042141	0.8938301282051282	0.7931034482758621	0.840459596910906
1052	0.9897604613337276	0.9547587131367292	0.9525242393848211	0.9536401673640166
1057	0.943885849475085	0.8224242424242424	0.7443773998902907	0.7814569536423842
1061	0.9648085169303563	0.9094742760753444	0.8369987063389392	0.8717326866073836
1167	0.8365370397752476	0.7033898305084746	0.6314958369221935	0.6655068078668684
1170	0.8926511903001626	0.547732181425486	0.40576	0.4661764705882353
1173	0.9076223569421854	0.63040841083704	0.4958651399491094	0.5551005875022254
1202	0.9369732367292621	0.954576839613336	0.9610705596107056	0.9578126933069405
1205	0.9216324116516339	0.6481876332622601	0.5399644760213144	0.5891472868217054
1206	0.9437379861008428	0.9432579081043639	0.9680687203791469	0.9555022804350368
1208	0.9103947952092267	0.6277777777777778	0.5443159922928709	0.5830753353973168
1209	0.8937601656069791	0.8445858605946107	0.8662927078021417	0.8553015809082671
1213	0.9296539997042732	0.8295122326511771	0.8714839961202716	0.8499802916830902
1216	0.9269554931243531	0.7254441837076768	0.65161096055405	0.6865482233502538
1265	0.9098033417122579	0.5893521965748325	0.5421232876712329	0.5647520513735282
1272	0.9221499334614816	0.6933201711089174	0.6421822615056385	0.6667721518987342
1309	0.9388584947508503	0.9504672286479775	0.9419726701638494	0.9462008847254749
1310	0.9021144462516635	0.9289458614157967	0.9532161099308412	0.9409245047296092
1311	0.9573044506875646	0.8616221819124126	0.8426254434870755	0.8520179372197308
1315	0.9891320419931983	0.9661406969099277	0.9389776357827476	0.9523655217109527
1317	0.9435161910394795	0.862279755483639	0.6768275472763196	0.7583807716635041
1318	0.9624427029424811	0.8746894838531604	0.8493701420530689	0.8618438944791951
1357	0.8790477598698803	0.9252601702932829	0.9049038758096022	0.9149688149688151
1364	0.8765340825077629	0.8410033949453036	0.8435489973514945	0.8422742727616168
1365	0.8399009315392577	0.8230334637114298	0.8049132947976878	0.8138725342730672
1366	0.9650303119917196	0.9040932178069914	0.8288140235551904	0.864818519577022
1375	0.9394869140913795	0.9515210991167812	0.9419689119170984	0.9467209113100082
1376	0.8880674256986545	0.9201110563790247	0.9429122114634482	0.9313721046190109
1377	0.9462886293065208	0.8091543832428238	0.6846078109616016	0.7416888888888888
1399	0.9044432943959781	0.6288916562889165	0.5918546733079403	0.609811320754717
1404	0.8686233919858051	0.8559083601286174	0.8007144200037601	0.8273919378339001
1414	0.9016338902853763	0.8952760832160175	0.8964680084579841	0.8958716493836821
1415	0.9087313322490019	0.8142100617828774	0.6940003761519654	0.7493146512336278
1429	0.8432648233032678	0.848543840523283	0.8260309278350515	0.8371360528539602
1439	0.9898713588644092	0.9662806539509536	0.9418990703851262	0.9539340954942839
1440	0.9468061511163685	0.9645048617011234	0.9674731310070546	0.9659867161462642
1442	0.8745748927990536	0.7094549125168237	0.716811150773415	0.7131140610467575
1444	0.8398639656956972	0.8680469367031479	0.8853279631760644	0.8766022902068022
1454	0.9122061215436936	0.9164411802602758	0.9295562961510815	0.9229521492295216
1461	0.893279609640692	0.8101094742532775	0.8017656500802568	0.8059159663865546
1463	0.8819680615111637	0.753772412568791	0.7015862524785195	0.7267436884895164
1464	0.8801937010202573	0.8410509031198686	0.8111275337837838	0.8258182404471435
1465	0.9456602099659914	0.9667326541451403	0.962457337883959	0.9645902587079057
1466	0.8808960520479078	0.7005009801786103	0.6351965238001185	0.6662523306401492
1467	0.8330992163241165	0.8607905280153083	0.8681099987938729	0.864434769554121
1473	0.9068830400709744	0.8427080970741665	0.8678033399509518	0.85507162994074
1475	0.8725417714032234	0.7911512152525105	0.7297623842126459	0.759217877094972
1476	0.8748706195475381	0.8421214293027541	0.8169447755264203	0.829342072094782
1477	0.8911355907141801	0.704282251548613	0.5860600627521291	0.6397553516819572
1488	0.8918749075853911	0.8611534276387378	0.8275645717870961	0.8440249560070389
1500	0.9053304746414313	0.792691883951524	0.7509132022960515	0.7712371594461812
1514	0.8953496968800828	0.918187763838516	0.9138951355189964	0.916036420796631
1522	0.8953866627236433	0.830392003748243	0.7530094887409715	0.7898098633392749
1548	0.9413721721129676	0.9623986867754181	0.9565106556541246	0.9594456377211824
1559	0.830511607274878	0.8368673579941186	0.8136332856820405	0.8250867889978256
1562	0.8867736211740352	0.5537091988130564	0.5448175182481751	0.5492273730684327
1577	0.8825964808516931	0.8050914876690533	0.7806634096168681	0.7926892950391646
1579	0.8976785450243975	0.6975871313672922	0.6133899104196134	0.652784746613146
1580	0.8994529055153039	0.9132438739789965	0.9269809309487149	0.9200611297243285
1588	0.9583394943072601	0.9668551158408158	0.9705669615534412	0.9687074829931973
1590	0.9190448026023954	0.6962860118014579	0.6040349292381813	0.6468881006127055
1597	0.8625240277983144	0.8281298299845441	0.7966891356066613	0.8121052897489011
1603	0.8499556409877274	0.7837687604224569	0.692619427729338	0.7353804028945824
1606	0.8482552121839421	0.8546539217680157	0.8653898956617243	0.8599884034244006
1616	0.8685124944551235	0.7386828160484481	0.727123695976155	0.7328576793090499
1618	0.8820419931982848	0.845072402643048	0.7420987654320987	0.7902451850391111
1637	0.8585317166937749	0.7793383633197911	0.7770833333333333	0.7782092147203711
1638	0.8643723199763419	0.8271227188285434	0.7838649544324772	0.804913064284575
1643	0.866664202277096	0.8330210514713987	0.7832124352331606	0.8073492495860707
1661	0.861895608457785	0.8330221945654429	0.7907068320535539	0.8113131313131314
1664	0.8449282862634925	0.7905884921934709	0.7607690691321706	0.7753921936071104
1665	0.8863300310513086	0.7446666666666667	0.6350198976691301	0.6854863455047561
1669	0.8882152890728966	0.782183316168898	0.721958174904943	0.7508650519031141
1680	0.8729483956823895	0.8100694867731317	0.7795635851712811	0.794523823757996
1684	0.9060328256690817	0.9115881389849009	0.9327418254017497	0.9220436702649656
1688	0.9603726157030903	0.9728638708230545	0.9672240802675586	0.9700357781753131
1690	0.8817462664498004	0.8252283718430952	0.7639597065041661	0.7934129803035196
1695	0.8870693479225196	0.7913331493237649	0.787962072282534	0.7896440129449839
1702	0.903962738429691	0.9205199628597958	0.9188137164040778	0.9196660482374768
1703	0.8724678397161023	0.8463986115128724	0.8253878702397743	0.8357612110825479
1704	0.8935753363891764	0.8580890642615558	0.7648536616003014	0.8087932523078966
1707	0.9147567647493716	0.7778605112931248	0.6895489548954895	0.7310473524609284
1708	0.886219133520627	0.7054613935969868	0.7121673003802281	0.70879848628193
1712	0.9017817536596185	0.85948691235838	0.8070432868672047	0.8324399318912783
1713	0.9183794174183055	0.8359038737446198	0.7828350688612697	0.8084995663486557
1716	0.933202720686086	0.7360236949278045	0.6450356911096691	0.6875324226180184
1720	0.9248484400414018	0.8511814982403217	0.81603470437018	0.8332376343204002
1722	0.9429247375425107	0.8495112525573995	0.8090495778306993	0.8287868707030384
1732	0.8529498743161319	0.7357869110697408	0.706642827671572	0.7209204433843133
1733	0.8882152890728966	0.7488898756660746	0.6405241169768325	0.6904810644831115
1734	0.8916161466804673	0.7321190581963571	0.6563122262046993	0.6921461570768584
3058	0.8901375129380452	0.786255096097845	0.684006080054045	0.7315751445086706
3097	0.838311400266154	0.8660724967101328	0.8714939207896955	0.8687747509900396
4163	0.9636256099364188	0.87483066919534	0.8608371101039722	0.8677774791722654
4164	0.9617403519148306	0.900316001149095	0.8199895342752486	0.8582774202382583
4166	0.8942407215732663	0.7774610095589468	0.7513776337115073	0.7641968185939174
4169	0.9366035782936567	0.8010590015128594	0.640459631085576	0.7118131406486305
4451	0.8396421706343339	0.8866605465715698	0.8212440316567466	0.8526994906621392
4577	0.8868475528611562	0.8444722759877035	0.8139815627743635	0.828946633137748
4759	0.942074523140618	0.7600324280502635	0.6578947368421053	0.705284935113786
4890	0.9357163980482035	0.9488460623364263	0.9677732479130265	0.9582161993320358
4912	0.9089531273103653	0.5905420991926182	0.523517382413088	0.5550135501355014
4914	0.8886958450391838	0.791548093340922	0.7825291883527923	0.7870128032821674
4917	0.8769407067869289	0.6203703703703703	0.5897614083854529	0.6046787792423702
4929	0.8352062694070679	0.8602020202020202	0.879804002597556	0.869892598645809
5199	0.8882522549164572	0.7776645608314653	0.6638830897703549	0.716283435007039
5232	0.8863669968948691	0.8678600871511012	0.7905804098272717	0.8274197170446891
5273	0.8617847109271034	0.7853388658367911	0.7219326128417037	0.7523020867837032
5303	0.927620878308443	0.7577768560763168	0.5707591377694471	0.6511047754811119
5306	0.9340529350879787	0.7825788751714677	0.664918414918415	0.7189666036546946
5312	0.9110601803933166	0.7602953706333428	0.631516867185657	0.6899484536082475
5344	0.9338311400266154	0.9545320632426594	0.9574468085106383	0.9559872141627735
5347	0.894018926511903	0.6275235531628532	0.5144827586206897	0.5654085190237989
5359	0.826815022918823	0.8324566646742378	0.8809538870263773	0.8560189311287993
5544	0.9136108235989945	0.9442924645610544	0.9582334384858044	0.9512118744911379
5551	0.9168268519887623	0.7378539880488438	0.6959078657191865	0.7162673392181589
5552	0.9281014342747301	0.7905828119855121	0.6471698113207547	0.7117237290647696
5558	0.9072157326630194	0.8572309589885908	0.7782754759238522	0.8158473954512107
5559	0.9235176696732219	0.8449899125756557	0.814190831038393	0.8293045128289745
5563	0.878899896495638	0.7834258099158762	0.6793419214651559	0.7276807980049875
5564	0.916863817832323	0.7953475491553587	0.655408489274304	0.7186288002001752
5565	0.9377125536004731	0.7074175824175825	0.7120636017974421	0.7097329888027563
5572	0.9046650894573414	0.6413738019169329	0.4885914207484028	0.5546537730961837
5575	0.8281827591305634	0.8305084745762712	0.7959312411291595	0.8128523111612177
5596	0.8415274286559219	0.8756007291609126	0.8862238622386224	0.8808802689710745
5601	0.9345334910542659	0.8316831683168316	0.7832167832167832	0.8067226890756302
5605	0.8652595002217951	0.7829302987197724	0.7220254492981766	0.7512454787415546
5610	0.8676622800532308	0.8710204081632653	0.8643493629869652	0.8676720632808457
5612	0.9576001774360491	0.8536953242835595	0.7489249090307641	0.797885462555066
5613	0.9110601803933166	0.7934678194044188	0.6812371134020618	0.733081872642556
5616	0.8896569569717581	0.8649685601619951	0.8252999796623958	0.8446687828485195
5622	0.9431095667603134	0.7789779808890736	0.65058986814712	0.7090187180941576
5623	0.9194514268815615	0.8767344739323724	0.8373648996397324	0.856597564988483
5626	0.9348292178027503	0.8711221414642794	0.8258823529411765	0.847899232162885
5631	0.9251072009463256	0.8247744621790424	0.8239168110918544	0.8243454135599098
5632	0.970833949430726	0.8590078328981723	0.8805620608899297	0.8696514125227159
5633	0.9249593375720834	0.7636022514071295	0.712784588441331	0.7373188405797102
5634	0.9037039775247672	0.8458756433439978	0.8024544734758512	0.8235931468815603
5635	0.9695771107496673	0.9099047069015305	0.8604587657018022	0.8844912280701754
5637	0.8886219133520626	0.7387234042553191	0.7459608112753524	0.742324467630206
5639	0.9569347922519592	0.8336141533277169	0.71989814477992	0.7725941830958424
5641	0.8679210409581547	0.8312208861445131	0.7920107349298101	0.8111422379618374
5642	0.9529794469909804	0.8490969581749049	0.8486935866983373	0.8488952245188881
5644	0.8544285080585539	0.7732851194389656	0.7906116961684966	0.781852426323953
5645	0.9306520774804081	0.7817066043249562	0.7032071503680336	0.7403819540548021
5646	0.9352358420819163	0.8447503201024328	0.6756272401433692	0.750782361308677
5648	0.833875499038888	0.846372213409034	0.7925103588460637	0.8185562015503877
5650	0.9435531568830401	0.9198190789473685	0.7973623240064159	0.8542243436754177
5653	0.9616664202277097	0.859079356114092	0.8497206703910615	0.8543743856199972
5654	0.8786411355907142	0.8798144945763244	0.8645246002935043	0.8721025361330789
5655	0.9137586869732367	0.758553061669209	0.7396940076498087	0.7490048413125336
5656	0.9302454532012421	0.7866174920969442	0.7349249323160226	0.7598931161725412
5661	0.9489132041993198	0.7864202836269876	0.6740331491712708	0.7259024196747323
5677	0.8718394203755729	0.8127299850820487	0.8376383763837638	0.8249962142244207
5679	0.911688599733846	0.7916362752248967	0.6800334168755221	0.7316031906527356
5681	0.9365666124500961	0.8056256761630004	0.6549399003224861	0.7225097024579561
5685	0.8939449948247818	0.790079079798706	0.7210103329506314	0.753966212160192
5686	0.8752772438267041	0.7748975003306441	0.7779843314300889	0.7764378478664193
5692	0.8442998669229632	0.8702188171106855	0.883552360186222	0.8768349026258846
5693	0.8406402484104687	0.8234766355140187	0.849583461894477	0.8363263601503474
5694	0.919155700133077	0.8583754834870574	0.8236973590292648	0.840678953886501
5699	0.9489132041993198	0.8970528039295947	0.8329532497149373	0.8638155301537249
5710	0.9139804820346	0.8628999319264806	0.8276312353094802	0.8448976871292408
5725	0.9676179210409581	0.9221275345283574	0.8370232061883169	0.87751677852349
5786	0.9038888067425699	0.9045255054320455	0.9080534488985194	0.9062860438292965
5788	0.9153112524027799	0.7994211932324132	0.7209395703673961	0.7581547556212392
5793	0.9491349992606831	0.832452216348109	0.6798405845234141	0.7484460694698355
5811	0.9097294100251367	0.6296296296296297	0.4667548792590142	0.536094224924012
5830	0.8682906993937601	0.8409613375130617	0.7977004658539003	0.8187598555369042
5832	0.8943146532603874	0.7332258714487205	0.7033243138770777	0.7179638946433856
5841	0.9472497412390951	0.826487845766974	0.6606365159128978	0.7343139080245764
5844	0.8874759722016856	0.6583933813717641	0.583077286693453	0.6184507395337178
5846	0.888104391542215	0.7848759221998659	0.7285603112840467	0.7556703527322626
5860	0.8491793582729558	0.8760715299460687	0.8905303248889145	0.8832417582417581
5861	0.8414165311252403	0.8297425118234367	0.8453537284894838	0.8374753750568268
5863	0.9021144462516635	0.8453621346886913	0.8229836714497774	0.8340228155948352
5875	0.9016708561289368	0.8762861038800049	0.8096437979612874	0.8416478152160972
5923	0.9440706786928877	0.7697147651006712	0.6555912826009289	0.7080841211653484
5936	0.9632189856572527	0.9143432020695602	0.8202681794739557	0.8647546554302025
5984	0.9211518556853467	0.920015734609585	0.9389134216512779	0.9293685221364947
6135	0.8868105870175957	0.8252455651663979	0.7506334177890386	0.7861731843575419
6141	0.878899896495638	0.7793761356753482	0.7388745334481769	0.7585851142225498
6189	0.8749075853910986	0.7974808594714744	0.7873689344062423	0.7923926380368098
6199	0.9329809256247228	0.7416267942583732	0.5831053351573188	0.652881485736167
6235	0.9140544137217211	0.9476608942879297	0.951966766194989	0.949808950197526
6514	0.945771107496673	0.793563579277865	0.6824164697941276	0.73380511703865
6599	0.8769407067869289	0.8647850344601247	0.7906581316263253	0.8260619677099117
6714	0.8615629158657401	0.8396436525612472	0.7508385744234801	0.792761883681036
6747	0.9376016560697915	0.7837470248214893	0.6866249627643729	0.7319784058431248
6784	0.9898713588644092	0.9579579579579579	0.9509771447499172	0.9544547872340425
6790	0.9003770516043176	0.6940282301845819	0.713074520303436	0.7034224716628149
6806	0.9591157770220317	0.8928669035255534	0.8206480783722683	0.8552356020942408
6809	0.8912095224013012	0.7982326951399117	0.8335255670895809	0.8154974609742336
6814	0.9017447878160579	0.9140332083556508	0.9085584986024224	0.9112876309992657
6821	0.9064024841046873	0.6416261599646487	0.45761109360226915	0.5342163355408389
6826	0.9070309034452166	0.659724673490999	0.5464912280701755	0.5977930593315208
6830	0.920301641283454	0.747758887171561	0.6435222133546156	0.6917357735201602
6836	0.9092488540588496	0.6482638888888889	0.5642187972197038	0.6033284860235902
6839	0.8996377347331066	0.6783642691415314	0.5929024081115336	0.6327607195996213
6840	0.9351988762383557	0.9553240985513376	0.9521526057859514	0.9537357156052889
6841	0.9027798314357534	0.693884892086331	0.5202265372168284	0.5946362515413071
6842	0.8803415643944995	0.6388533401586896	0.5775104118463674	0.6066350710900474
6843	0.8884740499778205	0.59765625	0.6413413675661515	0.6187286743333754
6844	0.8911355907141801	0.6900452488687783	0.568897178829564	0.6236421725239617
6845	0.9395238799349401	0.7783099555251454	0.6972111553784861	0.735531846104106
6847	0.8529868401596924	0.70652598671356	0.5936627811525201	0.645195824783656
6849	0.9021144462516635	0.7606665445889031	0.7559599636032757	0.7583059510770354
6851	0.9496525210705308	0.8898333900034002	0.8799596503026227	0.8848689771766696
6852	0.9429247375425107	0.8470937912813739	0.7035106966538672	0.7686544800719209
6853	0.8800458376460151	0.6607092990784696	0.5382165605095541	0.5932054657139274
6856	0.8761274582285967	0.7828610447251622	0.6880720180045011	0.7324123612552903
6858	0.8860343043028241	0.7422519509476031	0.6333713850837138	0.6835027204599117
6859	0.8655182611267189	0.6985996888197378	0.5793548387096774	0.6334139459895204
6860	0.8288851101582138	0.6838796587337225	0.6447925486875529	0.6637611680104598
6861	0.8520626940706787	0.6075783972125436	0.5591182364729459	0.5823418910457108
6862	0.8699541623539849	0.6919728364966046	0.6943910536431941	0.693179836036979
6863	0.9373428951648677	0.9511971864913041	0.9666111818270832	0.9588422407303985
6866	0.9100621026171817	0.8070607553366174	0.7247926267281106	0.7637175876468875
6867	0.9632559515008132	0.8696437790397522	0.8732503888024883	0.871443352302121
6869	0.8796022475232885	0.7712478790683326	0.7381163271331562	0.7543184732594101
6870	0.8835945586278279	0.8019820493642483	0.6723624392538016	0.7314743753730707
6871	0.9329069939376017	0.8875538722737365	0.8769032258064516	0.8821964042318426
6874	0.8629306520774804	0.7725993883792049	0.7735456215554195	0.7730722154222768
6876	0.876681945882005	0.8382903723287067	0.8029120067524794	0.8202198749730545
6881	0.8629306520774804	0.7818350971043144	0.7858562244301578	0.7838405036726127
6883	0.8642983882892208	0.6752862947912819	0.656491291075597	0.6657561686242375
6884	0.8737246783971611	0.7683526864790395	0.6355201041836236	0.6956521739130435
6885	0.8905071713736508	0.810708362947169	0.8338206627680312	0.8221021021021022
6886	0.8623022327369511	0.793408566299051	0.7453318877243705	0.7686191688924777
6887	0.8700650598846665	0.8490267760102757	0.8121928166351606	0.8302014395439834
6888	0.870028094041106	0.8199914687899901	0.7193463889235375	0.7663787375415284
6890	0.859344965252107	0.8745264785465791	0.8382985030383874	0.8560293616860267
6891	0.8349844743457046	0.7779057591623036	0.7602333196889071	0.7689680157333609
6894	0.9127975750406624	0.804237060874229	0.6480121002592912	0.7177216704559052
6897	0.8782345113115482	0.7712035171276791	0.6730615507593924	0.7187980194638893
6898	0.932463403814875	0.9073315965761072	0.8713366690493209	0.8889699179580676
6900	0.8463329883187934	0.7796539503856577	0.7854667646749973	0.7825495632159858
6901	0.866664202277096	0.8478846153846153	0.8132435672784285	0.8302028903638846
6904	0.8904332396865297	0.8006545247581104	0.782614742698192	0.7915318610212406
6906	0.893279609640692	0.8289373573421253	0.8095356037151703	0.8191216089217467
6907	0.8375351175513825	0.7863580727717815	0.740620415007336	0.7628042527929192
6909	0.8915422149933462	0.8463876785895228	0.854876675877597	0.8506109979633402
6910	0.8543545763714328	0.8331470095025154	0.8062567616300036	0.8194813525153487
6912	0.8604539405589235	0.8405527504650545	0.827721563154222	0.8340878125961412
6914	0.778759426290108	0.7715959004392386	0.6844155844155844	0.7253957329662766
6916	0.8365370397752476	0.8250088245675962	0.7930946725483543	0.8087370242214533
6918	0.8382374685790329	0.8563196099074638	0.8965597261704473	0.8759777802970184
6920	0.9176031347035339	0.9272664359861592	0.9191877615421554	0.9232094257071003
6921	0.8466287150672779	0.8748427672955975	0.8864492207867447	0.8806077522948981
6922	0.9221868993050422	0.9364956845133675	0.9175030936339887	0.9269021078584575
6923	0.8572379121691557	0.8860568035404179	0.8964012468121281	0.8911990083389677
6925	0.945771107496673	0.9575163398692811	0.9471778625460658	0.952319043130627
6927	0.9380452461925182	0.9506070505631674	0.9671114638622947	0.9587882364512639
6928	0.9156439449948248	0.9422628881264031	0.9603246557009023	0.9512080393414581
6929	0.957193553156883	0.974025974025974	0.9732277011337249	0.9736266739546324
6946	0.9373428951648677	0.9616573902288188	0.9682440846824408	0.9649394973627055
6949	0.889915717876682	0.7656716417910447	0.7044284243048403	0.733774360808153
6958	0.8790847257134408	0.6539074960127592	0.5554301196658388	0.6006592601635943
6960	0.8908398639656957	0.786535577403766	0.7384230287859824	0.7617203259904785
6965	0.8416383261866036	0.8760812923397603	0.8981728817181323	0.8869895536562203
6966	0.8406772142540293	0.8632707774798928	0.8561053109396278	0.8596731132382628
6968	0.961962146976194	0.8950387152279897	0.8247885835095138	0.8584788887360749
6972	0.9897234954901671	0.9521579123452659	0.9547131834954713	0.953433835845896
6984	0.9661762531420967	0.8872767857142857	0.8615551341099973	0.8742268041237113
7013	0.9396347774656217	0.8041575492341356	0.7622504537205081	0.7826434180753361
7024	0.8549829957119621	0.7992559293132847	0.6623843782117164	0.7244116613979628
7029	0.8380896052047908	0.8554413239719157	0.8680661577608142	0.8617075018944178
7035	0.9184533491054265	0.6286601597160604	0.5086145010768126	0.5623015873015873
7044	0.9368623391985805	0.836996789330699	0.7638043723236421	0.7987273155786
7058	0.9293213071122283	0.69377990430622	0.5690331787370674	0.6252450019600156
7071	0.905847996451279	0.8663008565310493	0.8070066076549058	0.8356031756277028
7098	0.8794913499926068	0.7250668311741724	0.6470912093962194	0.6838634600465477
7105	0.8862930652077481	0.831661986896644	0.7739206171457012	0.8017530291312194
7143	0.9499852136625758	0.9760008066955732	0.9566592537682234	0.9662332476478076
7153	0.8963847404997782	0.745574310415809	0.6980150317980343	0.7210112471384493
7154	0.9447730297205382	0.8615717375630858	0.7961359093937375	0.827562326869806
7162	0.8296613928729853	0.8716194410378881	0.8375612479067172	0.854251012145749
7166	0.9629971905958894	0.8785887236250433	0.7962382445141066	0.8353889162966618
7216	0.8561659027058998	0.7464139344262295	0.6449756529437805	0.691997150320589
7229	0.8906180689043324	0.6738305941845765	0.5252525252525253	0.5903364253080436
7246	0.9304302824190448	0.6822638146167558	0.567037037037037	0.6193365695792881
7254	0.8642983882892208	0.5831946755407654	0.49239054085694217	0.5339596293004951
7269	0.8858125092414609	0.6029900332225914	0.48935022917228366	0.5402589671082006
7279	0.9122061215436936	0.7298454221165279	0.7123955431754875	0.7210149183601551
7287	0.9129084725713441	0.8007361963190184	0.678801747451633	0.7347444269308714
7292	0.9361969540144907	0.8633033284488173	0.7935347315759091	0.8269500701824744
7307	0.9270294248114742	0.6863691194209891	0.5884177869700103	0.633630289532294
7321	0.9628123613780867	0.9054836042987049	0.8321093947834894	0.8672472948007389
7356	0.8370175957415348	0.8429301056461205	0.8477343090346187	0.8453253815120155
7400	0.9306520774804081	0.8443370907139023	0.7082395317424584	0.7703232125367288
7414	0.8855167824929765	0.7228714524207012	0.6619529906363463	0.691072319201995
7430	0.9232589087682981	0.8147354893981581	0.7585244267198404	0.7856257744733581
7439	0.9367144758243383	0.8790069896360568	0.750875025736051	0.8099045081057074
7470	0.8838533195327517	0.567109634551495	0.4813874788494078	0.5207443563148262
7476	0.9322046429099512	0.7676056338028169	0.6317876754118364	0.6931057563587684
7496	0.8544654739021145	0.8077522399688352	0.8086185044359949	0.8081851400730815
7514	0.9339790034008576	0.7391727493917275	0.548573492235464	0.6297678275290216
7517	0.8414904628123614	0.8808012486992716	0.8944837789284582	0.8875897866093431
7524	0.8189043323968653	0.6730824066153408	0.6443291933942951	0.6583920228714873
7525	0.8684385627680024	0.7068411386593205	0.5743331468009699	0.6337346917772975
7533	0.8886958450391838	0.702676399026764	0.6174898439170409	0.65733469898714
7539	0.9108014194883928	0.7581395348837209	0.6651552935842213	0.7086100712474339
7553	0.9333875499038888	0.8974924774322969	0.776062445793582	0.8323720930232558
7558	0.9137956528167973	0.7382567194172318	0.694963348309293	0.7159561510353227
7559	0.9236285672039036	0.9262753978738126	0.9427620206159165	0.9344459956847316
7565	0.9448469614076593	0.8533782445016842	0.8513540225340976	0.8523649317237285
7619	0.9806298979742718	0.9606960696069607	0.8906815020862309	0.9243648960739029
7635	0.8658509537187639	0.5841865756541524	0.48661454631603884	0.5309551505751583
7649	0.9032973532456011	0.7634678025557504	0.6456876456876457	0.6996555683122847
7671	0.9027798314357534	0.8199913457377759	0.6782390837508948	0.7424094025465229
7679	0.9092118882152891	0.7623517786561265	0.6737991266375546	0.7153453871117292
7714	0.9196362560993642	0.6757696127110229	0.4722414989590562	0.5559640522875817
7736	0.8458893981960668	0.8590939373750833	0.8625995049836109	0.8608431523081544
7756	0.9472497412390951	0.8447111777944486	0.8073613766730402	0.825614077966516
7764	0.947915126423185	0.8634606089898502	0.8089200815032828	0.8353009935710112
7771	0.93346148159101	0.7643769968051118	0.6126760563380281	0.6801705756929637
7781	0.9326482330326779	0.7946963216424294	0.580625	0.6710003611412062
7787	0.8714327960964069	0.834277771837913	0.8018703113760148	0.8177530915950536
7790	0.8723569421854207	0.7489539748953975	0.6486575522978093	0.6952069909082885
7811	0.8679949726452758	0.6646410083277065	0.5866110448947159	0.6231929935633638
7835	0.9201168120656513	0.840358896224818	0.8029763830475575	0.8212424518157002
7859	0.8821159248854059	0.646316996274004	0.5356294536817102	0.5857903623847253
7869	0.9667677066390655	0.8904052936311001	0.7725152493720847	0.8272814601344861
7906	0.9179358272955789	0.7790272701714929	0.6589774078478002	0.713991239371296
7957	0.8876977672630489	0.9289682351265373	0.9269436679774482	0.9279548472775564
7977	0.94421854206713	0.9580851063829787	0.961511770672076	0.9597953800655424
8003	0.8623761644240722	0.8340244434744652	0.7763331640426613	0.8041454048082487
